%YAML:1.0
description: "0"
samples:
   - !!opencv-matrix
      rows: 198
      cols: 1
      dt: d
      data: [ -1.9728188231664770e+01, -1.8951620336860838e+01,
          -1.7844489808481960e+01, -1.6504345479325664e+01,
          -1.4580068605537459e+01, -1.1658790325019680e+01,
          -7.8873549796300502e+00, -3.5116644123701177e+00,
          1.3770820993059252e+00, 6.2097475454819042e+00,
          1.0216399354577415e+01, 1.3534892776574845e+01,
          1.5984799457048382e+01, 1.7428952568567190e+01,
          1.8192297510452669e+01, 1.8641831699544444e+01,
          1.8719664558026416e+01, -1.7304681104420816e+01,
          -1.5129719190216592e+01, -1.2140538468103051e+01,
          -8.9580141520843100e+00, -5.8469411281177699e+00,
          3.0304753414073438e+00, 5.9640206190628673e+00,
          9.0956613382823122e+00, 1.2219652525100239e+01,
          1.4780411648845147e+01, -7.5259917296094259e-01,
          -5.4986365019411154e-01, -3.4642809223194143e-01,
          -1.4005798559016366e-01, -3.2071679593496971e+00,
          -1.5314843560479077e+00, 2.0695175066780430e-01,
          1.9177670953675394e+00, 3.5174804222979748e+00,
          -1.3155821252693931e+01, -1.1256647291495359e+01,
          -8.6351598132602394e+00, -6.5586963905153493e+00,
          -8.6793841772569831e+00, -1.1026148883924078e+01,
          5.1655752587054202e+00, 6.9786931614805576e+00,
          9.5790454946726982e+00, 1.1712153032077826e+01,
          9.7417185256889187e+00, 7.3917397665927718e+00,
          -6.0513822759188471e+00, -4.1340966348034733e+00,
          -1.9261165045620041e+00, 6.0645533328640489e-01,
          3.1009154418887386e+00, 5.4661365105815847e+00,
          7.5793099521757794e+00, 5.8991124086953786e+00,
          3.6130612812264622e+00, 1.0065575673702833e+00,
          -1.6281505645349696e+00, -4.0868184319636756e+00,
          -1.8371138844676920e+00, 7.5684094787942890e-01,
          3.3429981842268428e+00, 3.3560579976475324e+00,
          8.0152074011181740e-01, -1.7815910868551221e+00,
          -5.1285535226616554e+00, -1.7985706977654645e-01,
          4.7261407330648435e+00, 9.4217643751536393e+00,
          1.3657066702188237e+01, 1.7228636010636841e+01,
          2.0050451783638330e+01, 2.2000141757828008e+01,
          2.2228567418756288e+01, 2.1330771774983944e+01,
          1.8718610324268941e+01, 1.5378609011830548e+01,
          1.1469918392054312e+01, 7.0733216391466751e+00,
          2.3184517557080322e+00, -2.6227758218053356e+00,
          -7.5711275780596248e+00, -1.4751577433813511e+01,
          -1.7066684077547478e+01, -1.8189657586076812e+01,
          -1.8324033552976168e+01, -1.7776272048859358e+01,
          -1.8269011852563303e+01, -1.9329611789554267e+01,
          -1.9730945023277776e+01, -1.9198748234455952e+01,
          -1.7377075312662029e+01, -1.1707614595947895e+01,
          -8.6962760089049880e+00, -5.7195035119875142e+00,
          -2.7502875615766622e+00, 1.2300889347842228e+00,
          1.5551199286127295e+00, 1.5674776340492929e+00,
          1.3131256850880821e+00, 7.4832179664123444e-01,
          -1.0080015011933785e+01, -1.1867082204807645e+01,
          -1.2012171432020580e+01, -1.0449668180944919e+01,
          -9.4993332522696026e+00, -9.2570088869307163e+00,
          -1.1304202489660424e+01, -1.3137797559725890e+01,
          -1.3379253644134831e+01, -1.1894147057322630e+01,
          -1.0757554120144054e+01, -1.0662174823070735e+01,
          9.9409650263466265e+00, 8.1040753862444781e+00,
          6.6084076017036013e+00, 6.5883562132564109e+00,
          6.2527373957826811e+00, 7.4139831653048782e+00,
          8.9624550135550738e+00, 1.0785307534403413e+01,
          1.1954504175361327e+01, 1.2373372221256169e+01,
          1.2325258180582257e+01, 1.1513435767056158e+01,
          8.9280445773672668e+00, 8.6197899683597754e+00,
          8.5567848600168119e+00, 9.0380999025850084e+00,
          9.2931225427348707e+00, 9.4148722641146367e+00,
          2.1350608986329007e+01, 2.0818508870774217e+01,
          2.0514568123100396e+01, 1.8417602321627768e+01,
          1.3616550221067039e+01, 8.0954976428929388e+00,
          3.3043116053536896e+00, -8.6592668998083067e-01,
          -4.4268536271838572e+00, -8.7627562897981581e-01,
          3.3822411999596560e+00, 8.2002989463250504e+00,
          1.3743155763120949e+01, 1.8506248437160121e+01,
          2.0726891069903758e+01, 2.1053411493261326e+01,
          2.1502381417458306e+01, 2.8619196409112674e-01,
          -1.4369434236812013e+00, -2.8558606063136747e+00,
          -4.2185294993588549e+00, -5.4928926986417803e+00,
          -5.4505009439802308e+00, -4.0965927106464290e+00,
          -2.6673554327318629e+00, -1.1889089359464913e+00,
          4.8918930754140610e-01, -4.8991858244682218e+00,
          -7.7072697490463913e+00, -1.0673859608133625e+01,
          -1.3498618947165296e+01, -6.4344691605372466e+00,
          -7.3482731801360197e+00, -8.1916470068252618e+00,
          -7.3253533111577172e+00, -6.4409888993366833e+00,
          -6.6232274109814915e-01, -9.1843186944078448e-01,
          -1.1881293318146455e+00, -1.0772221170660485e+00,
          -1.1792310264427082e+00, -1.0323404293591456e+00,
          -1.0116299541151716e+00, -1.0867314185991819e+00,
          -7.4303572917787453e-01, -4.2049180880731496e-01,
          -8.5186115402484319e-01, -1.0426151439468831e+00,
          -2.8568333460099540e+00, -5.0452686436393783e+00,
          -6.6826388439261457e+00, -8.4456356690758270e+00,
          -6.5886761826786735e+00, -4.9359783252443190e+00,
          -2.7697917143496631e+00, -4.1491501410823046e+00,
          -5.3292939117190770e+00, -6.6466133120600857e+00,
          -5.3781245513886162e+00, -4.1581133790122573e+00,
          -5.2572524984887758e+00, -7.5417436244056262e+00,
          -5.2273404049497580e+00, -4.6401682392150034e+00,
          -6.3936444014410849e+00, -4.6509314881306372e+00 ]
   - !!opencv-matrix
      rows: 198
      cols: 1
      dt: d
      data: [ -2.1048521567744270e+01, -2.0643349290539824e+01,
          -1.9927360413537322e+01, -1.8725037920078016e+01,
          -1.6702435578760451e+01, -1.3246414508989425e+01,
          -8.7378056295947513e+00, -3.8014507023390660e+00,
          1.3299782515384935e+00, 6.4313122533767650e+00,
          1.0991090485414741e+01, 1.4984000016433299e+01,
          1.7933713097966443e+01, 1.9563466080520044e+01,
          2.0224091172176887e+01, 2.0241393754067303e+01,
          1.9861959789639908e+01, -1.6887283568501733e+01,
          -1.4700450363175975e+01, -1.1800137114257954e+01,
          -8.7315879004845733e+00, -5.7473717443548011e+00,
          3.2389920027557455e+00, 5.9199524067270080e+00,
          8.8115710233516413e+00, 1.1697897927442895e+01,
          1.4099524786615426e+01, -5.1951007251962256e-01,
          -4.0648428777482193e-01, -2.9762340369248480e-01,
          -1.8495585886019955e-01, -2.6355169575399882e+00,
          -1.2030474389501005e+00, 2.1928777074100481e-01,
          1.5675979269609661e+00, 2.9052634454372237e+00,
          -1.2935317329054264e+01, -1.1115609733426297e+01,
          -8.6765210282917753e+00, -6.6668705822587651e+00,
          -8.6391479123806150e+00, -1.0883341841123109e+01,
          5.4277840197757641e+00, 7.2098831756898329e+00,
          9.5979280235742781e+00, 1.1542921537615006e+01,
          9.6684693957569614e+00, 7.4631515714471828e+00,
          -6.2156374772438374e+00, -4.2527056914340147e+00,
          -2.0318640860968866e+00, 5.7843632567673298e-01,
          3.1397617694924924e+00, 5.4995143013100671e+00,
          7.5909415714751258e+00, 5.8572966485071509e+00,
          3.5435771154907831e+00, 1.0077973092211820e+00,
          -1.5917384273275141e+00, -4.1142603355332863e+00,
          -1.6883851223655606e+00, 7.7238859970639284e-01,
          3.2099311698630930e+00, 3.2410734753243298e+00,
          8.2384476588295896e-01, -1.6331827407442274e+00,
