%YAML:1.0
description: "alegria"
samples:
   - !!opencv-matrix
      rows: 198
      cols: 1
      dt: d
      data: [ -1.9569188199430734e+01, -1.8794329753227611e+01,
          -1.7717276302482368e+01, -1.6379928726054231e+01,
          -1.4363207743635579e+01, -1.1378002555169642e+01,
          -7.6445935635566045e+00, -3.3077128771162601e+00,
          1.6212926680667337e+00, 6.3656407202050884e+00,
          1.0172914256710209e+01, 1.3304489161110217e+01,
          1.5707906033232483e+01, 1.7215060254403916e+01,
          1.7968519797196468e+01, 1.8384820617521520e+01,
          1.8467874452440910e+01, -1.6945984816294608e+01,
          -1.4795938282593433e+01, -1.1903405289670410e+01,
          -8.8140571140994890e+00, -5.7886379183589121e+00,
          2.9978092662457065e+00, 5.8405537207741238e+00,
          8.8743973802614597e+00, 1.1891097763169773e+01,
          1.4402473971656676e+01, -7.5962292069341641e-01,
          -5.8285419728452592e-01, -4.0588279335693950e-01,
          -2.2089645296106589e-01, -4.0186646695107395e+00,
          -1.9913590060852442e+00, 1.4716552467026764e-01,
          2.2487995107485399e+00, 4.1769093782354654e+00,
          -1.2941608394309460e+01, -1.0950727711518539e+01,
          -8.3717307921347963e+00, -6.2891607647598411e+00,
          -8.4856946518675720e+00, -1.0801648320335822e+01,
          5.0494152667222476e+00, 6.8910223610375878e+00,
          9.4301414591799606e+00, 1.1601631568589934e+01,
          9.5912908397328849e+00, 7.2869521766239238e+00,
          -8.0139834888205321e+00, -5.5751444933074854e+00,
          -2.6374816718872647e+00, 4.9460989712216508e-01,
          3.5904496457874924e+00, 6.6357274718940999e+00,
          9.2756629153242613e+00, 7.5482111271541541e+00,
          4.7524239615588444e+00, 1.1286394178684003e+00,
          -2.6130731969861665e+00, -5.7753067690764981e+00,
          -3.4351892918042366e+00, 6.4044075803064537e-01,
          4.7145451717852538e+00, 5.1574407174127712e+00,
          9.2457226723090180e-01, -3.4237724549414343e+00,
          -5.3552761403278470e+00, -3.3018512230962849e-01,
          4.6628380532316296e+00, 9.4528570298422263e+00,
          1.3742503234426488e+01, 1.7358734240822688e+01,
          2.0318867020669806e+01, 2.2461146733357385e+01,
          2.2755883801788205e+01, 2.1672980853916602e+01,
          1.8798941493983342e+01, 1.5309424536793834e+01,
          1.1377757356235270e+01, 7.0043754493401940e+00,
          2.2857005495616671e+00, -2.6078355323434788e+00,
          -7.4989750288978323e+00, -1.4468014425249438e+01,
          -1.6663627440851570e+01, -1.7781377948954049e+01,
          -1.7964101472101248e+01, -1.7472002197503844e+01,
          -1.7862577549688893e+01, -1.8842721787216441e+01,
          -1.9180047817523931e+01, -1.8651684984914390e+01,
          -1.6958453661865800e+01, -1.1495754303858883e+01,
          -8.3930630538803275e+00, -5.3223352418020173e+00,
          -2.2569307155088589e+00, 1.2084696014323566e+00,
          1.8097583593220281e+00, 1.9386443541586180e+00,
          1.5140576725874317e+00, 6.2998854792003678e-01,
          -1.0085082039649517e+01, -1.1671826508426857e+01,
          -1.1761529307668212e+01, -1.0308876126202541e+01,
          -9.6336765020371598e+00, -9.4394943464540972e+00,
          -1.1118229649476117e+01, -1.2803940563571492e+01,
          -1.3064765773070194e+01, -1.1766806439110905e+01,
          -1.0836368237859897e+01, -1.0719352745599583e+01,
          8.4268993657671789e+00, 6.6739922497384985e+00,
          5.5644664811972033e+00, 5.4455077441295563e+00,
          5.1184020104980252e+00, 5.7860031239708931e+00,
          7.1789692308629398e+00, 1.0346656116019265e+01,
          1.2687486100880811e+01, 1.3523168466676548e+01,
          1.3231392581954347e+01, 1.1335755351464165e+01,
          7.5025027118763683e+00, 7.1243587711627887e+00,
          6.9028202044874432e+00, 9.8442882449074727e+00,
          1.0839364530862181e+01, 1.0480091800547106e+01,
          2.1425207663911937e+01, 2.0788241293405623e+01,
          2.0413292601356492e+01, 1.8359348251900265e+01,
          1.3653341918390232e+01, 8.1121242429955824e+00,
          3.1148614190823563e+00, -9.5508158254608200e-01,
          -4.4150398789808989e+00, -9.9753823169051259e-01,
          3.1930868752440404e+00, 8.2410421407626799e+00,
          1.3817708583684281e+01, 1.8430431777022985e+01,
          2.0634882516602975e+01, 2.0992667832153462e+01,
          2.1551613639521378e+01, 3.1802316348405307e-01,
          -1.3908624045739693e+00, -2.8394330865708257e+00,
          -4.1960824782142385e+00, -5.4513909151922650e+00,
          -5.4458992146460128e+00, -4.0941046201794125e+00,
          -2.6531735770046923e+00, -1.1440800634906887e+00,
          5.0115697164186213e-01, -4.9095905062403222e+00,
          -7.7784988235311019e+00, -1.0773529296978159e+01,
          -1.3600757026835923e+01, -6.7381608816442284e+00,
          -7.4587032605673906e+00, -8.0836447817231747e+00,
          -7.4653529119579973e+00, -6.7341115845173096e+00,
          -5.6575770503687273e-01, -8.9720927945328988e-01,
          -1.3279033198521570e+00, -1.1379527214336052e+00,
          -1.1100306549856416e+00, -1.0282199932734368e+00,
          -1.1879375457516554e+00, -1.2446678051230544e+00,
          -7.0456820641027262e-01, -2.8601872787214488e-01,
          -8.6509489876129564e-01, -1.0410105601644208e+00,
          -2.5722263924386342e+00, -4.7850735940232747e+00,
          -6.5088920701723119e+00, -8.4005172278715516e+00,
          -6.3982460445890670e+00, -4.6552918046737499e+00,
          -2.5219297231555196e+00, -4.0716893994769183e+00,
          -5.2730258512637187e+00, -6.6429637765906264e+00,
          -5.3207075911582313e+00, -4.1026060577169376e+00,
          -5.2284403565076216e+00, -7.8590137762519463e+00,
          -5.2114511952391949e+00, -4.5128123612322826e+00,
          -6.4291947905165800e+00, -4.5314321589748721e+00 ]
   - !!opencv-matrix
      rows: 198
      cols: 1
      dt: d
      data: [ -1.9427505796821492e+01, -1.8671683404544542e+01,
          -1.7615920890618124e+01, -1.6316367194460859e+01,
          -1.4336389270214712e+01, -1.1359771383077632e+01,
          -7.6139144415597446e+00, -3.2439228300138394e+00,
          1.7331302723526032e+00, 6.4708002143553704e+00,
          1.0274626606723880e+01, 1.3383990943513314e+01,
          1.5727789447379232e+01, 1.7137973089830037e+01,
          1.7820838308266502e+01, 1.8211463057495109e+01,
          1.8289602308409229e+01, -1.6693684266396943e+01,
          -1.4504017462832564e+01, -1.1648112347422572e+01,
          -8.6079312981705893e+00, -5.6357288010246700e+00,
          2.7967654868501213e+00, 5.6293366268731022e+00,
          8.6544327010977753e+00, 1.1660503168876263e+01,
          1.4205626214696327e+01, -8.1639138862354521e-01,
          -6.3392059753841346e-01, -4.5079886259250213e-01,
          -2.5769690597709688e-01, -4.1356773438997019e+00,
          -2.0763559609943711e+00, 9.4381286992046023e-02,
          2.2409979419922732e+00, 4.2159260323307493e+00,
          -1.2820199226554390e+01, -1.0812473938762793e+01,
          -8.3160087424726701e+00, -6.2520313642813594e+00,
          -8.4442088786385359e+00, -1.0704562153781762e+01,
          5.0207392489473550e+00, 6.8771468632731194e+00,
          9.3370302242151961e+00, 1.1505167921881981e+01,
          9.4896544269532228e+00, 7.2366249036119532e+00,
          -8.4977528103360509e+00, -5.9508147398283775e+00,
          -2.8409144877489902e+00, 4.5679381875606712e-01,
          3.7241974112113030e+00, 6.9535127251046482e+00,
          9.7391528814007451e+00, 7.9362152867660170e+00,
          4.9924337842968178e+00, 1.1512253896442495e+00,
          -2.8235394401077505e+00, -6.1591462311684424e+00,
          -3.8938954236480825e+00, 6.0898928446266343e-01,
          5.1178612013476146e+00, 5.6295877074183949e+00,
          9.3122046311637940e-01, -3.8895644541025840e+00,
