%YAML:1.0
description: "11"
samples:
   - !!opencv-matrix
      rows: 198
      cols: 1
      dt: d
      data: [ -1.9390333761392743e+01, -1.8585401120690626e+01,
          -1.7454548926319791e+01, -1.6211229958309094e+01,
          -1.4523749248660376e+01, -1.1777752426686419e+01,
          -8.0095075344213118e+00, -3.4945753954711862e+00,
          1.6242530508623816e+00, 6.6089231058203213e+00,
          1.0792242409880114e+01, 1.4117107705541160e+01,
          1.6295082803365148e+01, 1.7283928114534945e+01,
          1.7778418414681163e+01, 1.8156875123927048e+01,
          1.8217639577910965e+01, -1.7351759378040654e+01,
          -1.5359205227751950e+01, -1.2565971994032916e+01,
          -9.5748351410717074e+00, -6.6536944637396731e+00,
          3.6926060388039623e+00, 6.4193037241692377e+00,
          9.3319543665900806e+00, 1.2256306827355536e+01,
          1.4687264526412328e+01, -7.3487103638521867e-01,
          -4.7230513310576572e-01, -2.0818975457634914e-01,
          5.3564014274802577e-02, -2.8734547361532523e+00,
          -1.3273472295763571e+00, 2.9109811896841886e-01,
          1.8984701143508753e+00, 3.3880322112620154e+00,
          -1.2795631784294560e+01, -1.1150815167850629e+01,
          -8.9959514634001536e+00, -7.2491687480320728e+00,
          -9.0259638489100791e+00, -1.1008402698652423e+01,
          5.6319437936102341e+00, 7.1850284303755974e+00,
          9.3571442617213325e+00, 1.1228689039880242e+01,
          9.5519991241414122e+00, 7.5429847125315526e+00,
          -5.0405150638377130e+00, -3.4201107472621182e+00,
          -1.5731522834953489e+00, 5.9651958844842290e-01,
          2.7171087146473689e+00, 4.7303747648410628e+00,
          6.5675020358332317e+00, 5.0318279102073413e+00,
          3.0696351896107203e+00, 8.9489888450142629e-01,
          -1.2871953363381528e+00, -3.3251952402871945e+00,
          -1.2976360589535005e+00, 7.0915340681757388e-01,
          2.7071846109153257e+00, 2.6451340360906364e+00,
          7.1287456882830791e-01, -1.2297768194219054e+00,
          -5.6471984090840230e+00, -5.4581875346582609e-01,
          4.5276443517728682e+00, 9.3223950331270746e+00,
          1.3619467269389624e+01, 1.7348778007120693e+01,
          2.0334641706573787e+01, 2.2328891642399185e+01,
          2.2405232792409915e+01, 2.1765840821704387e+01,
          1.9357723354739370e+01, 1.6056301672470031e+01,
          1.2101391653975302e+01, 7.6373951540395124e+00,
          2.6965552526694947e+00, -2.5130357051861525e+00,
          -7.7120244486856100e+00, -1.4559682805736305e+01,
          -1.6959193966049419e+01, -1.8174000907149193e+01,
          -1.8367718012454890e+01, -1.7918820415491268e+01,
          -1.8634148675017073e+01, -1.9609391667937267e+01,
          -1.9970499349294510e+01, -1.9409194197096980e+01,
          -1.7592431792428972e+01, -1.0948967641539660e+01,
          -8.1822212357787638e+00, -5.4364324706197351e+00,
          -2.6723127487980407e+00, 1.6030312710695869e+00,
          1.9120044275921559e+00, 1.9207114248709654e+00,
          1.6706996066792583e+00, 1.1252421566936719e+00,
          -1.0389168299734491e+01, -1.1777414395498734e+01,
          -1.1940544915821665e+01, -1.0766633379721286e+01,
          -9.9776204969572948e+00, -9.7801170553317931e+00,
          -1.1749873141136327e+01, -1.3225000375533764e+01,
          -1.3410912871400559e+01, -1.2319471984450326e+01,
          -1.1399194701252533e+01, -1.1257905147623864e+01,
          1.0067494086180631e+01, 8.2138589731873495e+00,
          6.6851822336470201e+00, 6.6385034702848174e+00,
          6.3881307695021183e+00, 7.6589573781013671e+00,
          9.2686462044081068e+00, 1.0665679395880668e+01,
          1.1483902461635878e+01, 1.1731411957339246e+01,
          1.1771078157993090e+01, 1.1223047773559117e+01,
          8.9836722357551082e+00, 8.5777371759084087e+00,
          8.7014351498439311e+00, 8.9196421366308574e+00,
          8.9493133577303698e+00, 9.1854310972081699e+00,
          2.1296357640649919e+01, 2.0666839107342437e+01,
          2.0428533026750010e+01, 1.8440737223611926e+01,
          1.3623773489649356e+01, 8.0593367321944971e+00,
          3.3395514654378951e+00, -8.0053629906320256e-01,
          -4.3859739103358049e+00, -9.2173425966596079e-01,
          3.2744314790910076e+00, 8.0465635535311169e+00,
          1.3697028838674907e+01, 1.8539595921950724e+01,
          2.0621428115348223e+01, 2.0955558078224424e+01,
          2.1606429916240526e+01, 3.0091259306632168e-01,
          -1.4962333707608400e+00, -2.8894948487781269e+00,
          -4.2405827420788667e+00, -5.5023877122740981e+00,
          -5.3085559741498392e+00, -3.9860277625580265e+00,
          -2.6008880120255320e+00, -1.1866502695518109e+00,
          5.5250078610564579e-01, -4.9936676857768054e+00,
          -7.9091441413559345e+00, -1.0780240241268297e+01,
          -1.3305671293511796e+01, -6.4941656398000838e+00,
          -7.3492224407268738e+00, -8.1132431303067509e+00,
          -7.3015111964228341e+00, -6.4286284467529882e+00,
          -8.0453333939311522e-01, -9.6941690948108050e-01,
          -1.1410022935542610e+00, -1.1286643898663478e+00,
          -1.2224808876683610e+00, -1.0616560888548001e+00,
          -9.0143323895887106e-01, -9.4557054690031905e-01,
          -7.6427650747092013e-01, -5.7188243759812674e-01,
          -8.4383710054865846e-01, -1.0036012658195987e+00,
          -2.8398210439350779e+00, -5.1576356655305151e+00,
          -6.7949793348851211e+00, -8.5459638180232673e+00,
          -6.7771197296602113e+00, -5.1320126932621104e+00,
          -2.8217149542309259e+00, -3.9783653593117192e+00,
          -5.2169255375459427e+00, -6.5748994748969425e+00,
          -5.1907011566635779e+00, -3.9213242830539525e+00,
          -5.2242056878581566e+00, -7.4215404864021028e+00,
          -5.2344854158581064e+00, -4.5911642085442592e+00,
          -6.1523222908742889e+00, -4.5213709184082163e+00 ]
   - !!opencv-matrix
      rows: 198
      cols: 1
      dt: d
      data: [ -2.1045178534811239e+01, -2.0330364922570777e+01,
          -1.9294031957564464e+01, -1.7965408805011467e+01,
          -1.5957537654945494e+01, -1.2725504059064075e+01,
          -8.5394512591685139e+00, -3.8550381936422737e+00,
          1.1937979542792314e+00, 6.3547488397306973e+00,
          1.0830908601142291e+01, 1.4615792698696684e+01,
          1.7408488844460042e+01, 1.8993762063106139e+01,
          1.9713631308318316e+01, 1.9977506975960864e+01,
          1.9827458667031177e+01, -1.8107461427082217e+01,
          -1.5657236509067085e+01, -1.2379156903887866e+01,
          -8.9439569625346440e+00, -5.6059268849347657e+00,
          3.4544802713733027e+00, 6.3932171575414394e+00,
          9.5331928516286375e+00, 1.2689281972820774e+01,
          1.5317317962154716e+01, -4.3965067030025645e-01,
          -2.2358837460414938e-01, -1.6923073805232614e-02,
          1.7950410838666092e-01, -3.1189133508408622e+00,
          -1.3223794518236092e+00, 5.4811460517298505e-01,
          2.2863175717266784e+00, 3.8924400848278169e+00,
          -1.3849874460006571e+01, -1.1608861029430987e+01,
          -8.5900812389832026e+00, -6.2299686035795663e+00,
          -8.7132974016389912e+00, -1.1418057248878252e+01,
          4.6764268457854348e+00, 6.6905156262506074e+00,
          9.6491313596220412e+00, 1.2094919499025620e+01,
          9.8849999910230881e+00, 7.2198008704221586e+00,
          -6.3869022026388329e+00, -4.2520253041198197e+00,
          -1.9349180890777324e+00, 5.9312961826040234e-01,
          3.0472922022790372e+00, 5.4142061745999337e+00,
          7.5720513202151896e+00, 5.7618945050493089e+00,
          3.4102230339185713e+00, 8.4529076445191520e-01,
          -1.7486297726741298e+00, -4.2487006851773170e+00,
          -2.0448486759329483e+00, 7.1158584031111016e-01,
          3.4100922638752249e+00, 3.4280436106485266e+00,
          7.3529081212278669e-01, -1.9961365078808817e+00,
