%YAML:1.0
description: "12"
samples:
   - !!opencv-matrix
      rows: 198
      cols: 1
      dt: d
      data: [ -2.0575920746578131e+01, -2.0006667440783477e+01,
          -1.9137798464703128e+01, -1.7976553598893311e+01,
          -1.6149619465428131e+01, -1.2914710340186117e+01,
          -8.5141770230927349e+00, -3.6051943971032947e+00,
          1.5687338277866925e+00, 6.6429035816316473e+00,
          1.1289463921595335e+01, 1.5203745726786847e+01,
          1.7816203308300345e+01, 1.8991241588556797e+01,
          1.9411903810581030e+01, 1.9499760042698643e+01,
          1.9264759058472983e+01, -1.7611475185327688e+01,
          -1.5604707955982580e+01, -1.2792848004809439e+01,
          -9.7394370790109370e+00, -6.7506299611267266e+00,
          3.5933013887922187e+00, 6.3215326368199758e+00,
          9.2272478669323341e+00, 1.2084720749803790e+01,
          1.4408008318631866e+01, -5.6925251138979971e-01,
          -3.3859450503489219e-01, -1.1637959647246812e-01,
          1.0721109248226292e-01, -2.9791720830290274e+00,
          -1.2787518149517805e+00, 4.5830207834081660e-01,
          2.1151294091792230e+00, 3.6864948095872330e+00,
          -1.3074865061399290e+01, -1.1464755593492699e+01,
          -9.5009563346807298e+00, -7.7027124733532695e+00,
          -9.3965851122226383e+00, -1.1283292989004281e+01,
          5.9820228892031260e+00, 7.6687143988055855e+00,
          9.6161319785851607e+00, 1.1327643913894875e+01,
          9.6265639499171076e+00, 7.7459439417752609e+00,
          -6.6971238010586234e+00, -4.5095122653496009e+00,
          -2.0690103910004440e+00, 6.9123911264787963e-01,
          3.3847075836931086e+00, 5.9498379546906230e+00,
          8.2858854916766269e+00, 6.2404105029803087e+00,
          3.7110275300295807e+00, 1.0467592026581460e+00,
          -1.6745477829339857e+00, -4.3205007966877043e+00,
          -1.9170460833828065e+00, 8.3719062935930566e-01,
          3.5597516274952730e+00, 3.6607647918457733e+00,
          9.1475959947748342e-01, -1.8623674782815849e+00,
          -6.5763256314399658e+00, -1.2682269217644131e+00,
          4.0146420862596877e+00, 9.1293550307270337e+00,
          1.3881378436674648e+01, 1.7662202384112671e+01,
          2.0203572319170519e+01, 2.1752813116525317e+01,
          2.1935167847759960e+01, 2.1217155196094531e+01,
          1.9122262896966134e+01, 1.6042276692704402e+01,
          1.1945877329473742e+01, 7.1746560796233947e+00,
          2.2246271389333332e+00, -2.8370275728047858e+00,
          -7.8753496905240912e+00, -1.4675359446688109e+01,
          -1.7014268113609344e+01, -1.8248538125133045e+01,
          -1.8380988642980128e+01, -1.7793639890153575e+01,
          -1.8123932087816023e+01, -1.9082205342614550e+01,
          -1.9382709690987834e+01, -1.8735702776835044e+01,
          -1.6945655167665212e+01, -1.0900491745835879e+01,
          -8.3271432595671673e+00, -5.7671916074709015e+00,
          -3.2172984472077233e+00, 8.4749619462879677e-01,
          1.1320973409138313e+00, 1.1727024167097748e+00,
          8.9916594891374102e-01, 3.7403444712218242e-01,
          -8.6452222937171079e+00, -9.6504899255072214e+00,
          -9.8885991570199927e+00, -9.3462922212859514e+00,
          -8.5034257073458210e+00, -8.2706099399415063e+00,
          -1.0089433479251905e+01, -1.0822703499637413e+01,
          -1.0873641887632868e+01, -1.0104578685744929e+01,
          -9.4828871670313308e+00, -9.4770694984641750e+00,
          9.1260968927641350e+00, 7.3161029075789648e+00,
          5.8518907055489766e+00, 5.8144589031840122e+00,
          5.5181819807307608e+00, 6.6538458021661500e+00,
          8.2050995765603201e+00, 9.7204184499627502e+00,
          1.0549897872553666e+01, 1.0835529908907441e+01,
          1.0854834317782860e+01, 1.0326099913158721e+01,
          8.0215536792658817e+00, 7.8054907913848286e+00,
          7.6866535311756490e+00, 8.2535829157795817e+00,
          8.4563673660124969e+00, 8.5795382177977775e+00,
          2.1632677099484500e+01, 2.1111639817158046e+01,
          2.0826708431845127e+01, 1.8400545824074481e+01,
          1.3727520822472622e+01, 7.8793409622080306e+00,
          3.2434597485950931e+00, -7.2726860341302202e-01,
          -4.6558123910481957e+00, -7.6654912837616196e-01,
          3.2450460216750123e+00, 7.8923559434848789e+00,
          1.3765518824230121e+01, 1.8363794533140542e+01,
          2.0847688290947463e+01, 2.1100830949551789e+01,
          2.1600286856687529e+01, 2.3946911241553642e-01,
          -1.4261259664942492e+00, -2.8795945572545971e+00,
          -4.1971165982421050e+00, -5.4273956345362793e+00,
          -5.3334126279464407e+00, -4.0171513956127365e+00,
          -2.6882613499881951e+00, -1.2264064310420626e+00,
          4.6414045393022735e-01, -5.0000681518044523e+00,
          -7.7894592440699508e+00, -1.0651502582439965e+01,
          -1.3456404819453466e+01, -6.3304874481258420e+00,
          -7.2736521880648564e+00, -8.1990183973141182e+00,
          -7.1842115065167036e+00, -6.2500975448489191e+00,
          -9.0961318475692876e-01, -1.1266262479701901e+00,
          -1.3042816422617372e+00, -1.2367725841950159e+00,
          -1.3302346472677817e+00, -1.1803753077049906e+00,
          -1.0869375735806486e+00, -1.1867460290482534e+00,
          -9.9163141853504400e-01, -6.9724814994449502e-01,
          -1.0083670871120676e+00, -1.1501308423597971e+00,
          -2.8850968723167445e+00, -5.0010843281134489e+00,
          -6.6554178602397585e+00, -8.3075982296971755e+00,
          -6.4967426392636058e+00, -4.8641488362307248e+00,
          -2.8225323969741782e+00, -3.9420741218508359e+00,
          -5.2394607718932953e+00, -6.7002790221687700e+00,
          -5.3265424025373713e+00, -3.9957194094914019e+00,
          -5.2963368172629117e+00, -7.4417741327600515e+00,
          -5.1587150787297089e+00, -4.5700291135517066e+00,
          -6.3240534530905519e+00, -4.6243498468416115e+00 ]
   - !!opencv-matrix
      rows: 198
      cols: 1
      dt: d
      data: [ -2.1551059121655740e+01, -2.0808187630748890e+01,
          -1.9747602967106992e+01, -1.8355140665295103e+01,
          -1.6300121445307802e+01, -1.2963207158029832e+01,
          -8.6401236111207709e+00, -3.9399375876393625e+00,
          9.5251027337972483e-01, 5.9841290314700073e+00,
          1.0555635735679845e+01, 1.4557815199075176e+01,
          1.7599689851101214e+01, 1.9407985807009187e+01,
          2.0293752692042503e+01, 2.0645605084955108e+01,
          2.0559930079407824e+01, -1.8525508221298487e+01,
          -1.6357218995157719e+01, -1.3199491523615670e+01,
          -9.7175300512727496e+00, -6.2737954004340919e+00,
          3.3834035741278510e+00, 6.4102351169237206e+00,
          9.6198770812522785e+00, 1.2743537132727253e+01,
          1.5217092595361260e+01, -3.5900955347243418e-01,
          -1.5798613860497368e-01, 3.1062553849405261e-02,
          2.1426046493453177e-01, -2.7173229147922182e+00,
          -1.0296007893115695e+00, 6.8512562803377830e-01,
          2.2424100877917064e+00, 3.7213042919258741e+00,
          -1.3396544613150580e+01, -1.1623243529155168e+01,
          -9.4621062274234493e+00, -7.4185227326209766e+00,
          -9.3144510683986397e+00, -1.1379696944458567e+01,
          5.6837766649127310e+00, 7.5699497940719427e+00,
          9.6957306309913331e+00, 1.1561737880415242e+01,
          9.6643313512485225e+00, 7.6209780413444639e+00,
          -6.9409635480123439e+00, -4.7116645875214713e+00,
          -2.1531412717781970e+00, 7.9394448101212234e-01,
          3.6540065311586067e+00, 6.2844187231884190e+00,
          8.5465033107030202e+00, 6.4063394640359812e+00,
          3.8126588471349439e+00, 1.0813812019857632e+00,
          -1.6781709414592152e+00, -4.4143672485467667e+00,
          -2.0310393270939100e+00, 9.4689127556100550e-01,
          3.8458138323446480e+00, 3.9037586216726821e+00,
          1.0131303093007833e+00, -1.9391051062424933e+00,
