%YAML:1.0
description: "14"
samples:
   - !!opencv-matrix
      rows: 198
      cols: 1
      dt: d
      data: [ -2.1464876338848008e+01, -2.0945256227150111e+01,
          -2.0138657293742057e+01, -1.8924064158659245e+01,
          -1.6872974254333233e+01, -1.3359441028338638e+01,
          -8.7792267297292739e+00, -3.7220344080004866e+00,
          1.6450592980348180e+00, 7.0351338921392648e+00,
          1.1888332071202433e+01, 1.5953816178305999e+01,
          1.8681985578888003e+01, 1.9908761268505145e+01,
          2.0280499189139992e+01, 2.0178486319388039e+01,
          1.9721232523194484e+01, -1.7371815002538554e+01,
          -1.5080859719423655e+01, -1.2087792032497394e+01,
          -8.9485281099745073e+00, -5.8886634333697430e+00,
          3.6043523638303121e+00, 6.2401520089360698e+00,
          9.0482931759911551e+00, 1.1891276314696299e+01,
          1.4383105345654036e+01, -3.0397875533039365e-01,
          -7.9849309965293380e-02, 1.3217020447812283e-01,
          3.3138608257549190e-01, -2.9948569669803318e+00,
          -1.2451633828607451e+00, 5.8057667103901789e-01,
          2.2840945569044542e+00, 3.8640499864818936e+00,
          -1.2931438592181715e+01, -1.1019725632109033e+01,
          -8.6918343839770422e+00, -6.7199780937618492e+00,
          -8.7398041850844557e+00, -1.0925522970199196e+01,
          5.3907167876016571e+00, 7.1757063840570723e+00,
          9.4665903954387431e+00, 1.1452141026682318e+01,
          9.5669886063148688e+00, 7.4247324737433127e+00,
          -6.4239273220964845e+00, -4.3715389720266398e+00,
          -2.0751499343578841e+00, 4.3917377024113557e-01,
          2.8754387375208941e+00, 5.1970714570926155e+00,
          7.2693499475472425e+00, 5.4341862914497163e+00,
          3.1002142941722757e+00, 6.2646870573109559e-01,
          -1.9058447633035880e+00, -4.3255727525062815e+00,
          -2.0236377757422543e+00, 5.1744580165182530e-01,
          3.0044046514312446e+00, 3.0159225894566477e+00,
          5.4155493628773999e-01, -1.9839987129648187e+00,
          -6.0740941781118742e+00, -5.1860173835809786e-01,
          5.0219249544731390e+00, 1.0233156334614177e+01,
          1.4723648916022642e+01, 1.8125892943577334e+01,
          2.0389391106888045e+01, 2.1717093829313491e+01,
          2.1625319775870302e+01, 2.0963220312178883e+01,
          1.8866770576441475e+01, 1.5782224760584306e+01,
          1.1735563909713376e+01, 7.0324492645679131e+00,
          1.9199736012349333e+00, -3.4161837961328816e+00,
          -8.7090501523698656e+00, -1.3793381931919781e+01,
          -1.6044842911869239e+01, -1.7089544125188041e+01,
          -1.7144815928903579e+01, -1.6570913951661637e+01,
          -1.6851673652724905e+01, -1.7732289350789230e+01,
          -1.8088772598695328e+01, -1.7720699755932031e+01,
          -1.6218192522215720e+01, -1.1161037873097321e+01,
          -8.4166783036423158e+00, -5.6963189146266773e+00,
          -2.9712584618161535e+00, 9.9839611768918701e-01,
          1.3647600127904451e+00, 1.4243056973967509e+00,
          1.1802185303857191e+00, 6.3517418322693420e-01,
          -9.7763675749595880e+00, -1.1055422895026885e+01,
          -1.1208495538060401e+01, -1.0059548358650643e+01,
          -9.3198409044562922e+00, -9.1548421797559492e+00,
          -1.0645721038034230e+01, -1.1951558764939335e+01,
          -1.2102675682988004e+01, -1.1027808980129704e+01,
          -1.0192071931057152e+01, -1.0116246485070661e+01,
          8.8969721848020544e+00, 7.1256850637255038e+00,
          5.8077786916864493e+00, 5.8461952025236874e+00,
          5.6079902113389606e+00, 6.7451053987815772e+00,
          8.3986042743671145e+00, 9.7414149812458319e+00,
          1.0384620593190503e+01, 1.0481446566445443e+01,
          1.0549320101478056e+01, 1.0049800212286470e+01,
          7.9151581866789389e+00, 7.6914316995181489e+00,
          7.7465224611381958e+00, 7.9954268977206375e+00,
          7.9467028170653204e+00, 8.1594310667370671e+00,
          2.1591073887343082e+01, 2.1150120111731987e+01,
          2.0801180090875118e+01, 1.8513592921909225e+01,
          1.3489997098747937e+01, 7.9340355051835036e+00,
          3.3301026922568933e+00, -8.7156310268187709e-01,
          -4.6073074372633132e+00, -6.8997535269699029e-01,
          3.4465795167882995e+00, 8.0976323531293097e+00,
          1.3699885628249136e+01, 1.8493311978124865e+01,
          2.0716166140244301e+01, 2.0931382237553350e+01,
          2.1433507690023955e+01, 9.1647299415645728e-02,
          -1.5732902114002310e+00, -2.9260701526259756e+00,
          -4.2499640562637326e+00, -5.4793193919512504e+00,
          -5.4994346385407455e+00, -4.1676674597853678e+00,
          -2.7921444560937547e+00, -1.3868276363119993e+00,
          2.2812049196448342e-01, -4.9547807442724636e+00,
          -7.7691348681075656e+00, -1.0692799375207239e+01,
          -1.3450119534752053e+01, -6.4993589209698222e+00,
          -7.2812731075796560e+00, -8.0005995671608350e+00,
          -7.0995213285703151e+00, -6.1586856714738314e+00,
          -8.9425426935494601e-01, -1.1126194137429384e+00,
          -1.2193061335318933e+00, -9.4153023617914888e-01,
          -1.1224197247224637e+00, -1.0952835997893604e+00,
          -8.6569348631656229e-01, -1.0259984768282868e+00,
          -9.7841433389502430e-01, -8.3397727623628592e-01,
          -1.0349572470226340e+00, -1.0753462306588142e+00,
          -2.8894971076274913e+00, -4.9873717670807789e+00,
          -6.6744008433999911e+00, -8.2954536953442801e+00,
          -6.5107317103092299e+00, -4.8098584828180266e+00,
          -2.7889859399418704e+00, -3.8636192004504126e+00,
          -5.2541706983102667e+00, -6.6982113596285062e+00,
          -5.4141136291899867e+00, -4.0265033285766787e+00,
          -5.3824212914139400e+00, -7.3693719982483588e+00,
          -5.0607511532250564e+00, -4.4346262174349320e+00,
          -6.4546563996915518e+00, -4.6838436792495868e+00 ]
   - !!opencv-matrix
      rows: 198
      cols: 1
      dt: d
      data: [ -2.1530532339716018e+01, -2.1056728384114727e+01,
          -2.0311497401931575e+01, -1.9147409507618907e+01,
          -1.7129752491067990e+01, -1.3596595391792818e+01,
          -8.9576279573627939e+00, -3.8674542434294903e+00,
          1.5143221555157214e+00, 6.9930857741170467e+00,
          1.1953794329381038e+01, 1.6127803228064892e+01,
          1.8926786401738259e+01, 2.0167793541608557e+01,
          2.0505318509873195e+01, 2.0337489258588224e+01,
          1.9817613989123387e+01, -1.7257885711725962e+01,
          -1.4926614349896239e+01, -1.1971729456655508e+01,
          -8.8968022746503763e+00, -5.9079271584941111e+00,
          3.5419691284833448e+00, 6.1394561667637584e+00,
          8.9092106249400693e+00, 1.1718638988161022e+01,
          1.4216143001721354e+01, -2.8498888094491859e-01,
          -5.0857416674855660e-02, 1.6695533673715401e-01,
          3.7110703058047839e-01, -2.9797370868537647e+00,
          -1.2062446671892793e+00, 6.4862118809720271e-01,
          2.3631991349982653e+00, 3.9429584897103434e+00,
          -1.2849431426889232e+01, -1.0978501552401614e+01,
          -8.7813957717199980e+00, -6.8857161747673894e+00,
          -8.8348457458458984e+00, -1.0922028222782849e+01,
          5.4155616404695985e+00, 7.1418810303194320e+00,
          9.2942422621498206e+00, 1.1207207355528631e+01,
          9.3915073984685566e+00, 7.3567649530907833e+00,
          -6.4315317530107121e+00, -4.3158379643352252e+00,
          -1.9975837580570135e+00, 5.0067297443008896e-01,
          2.9216340273639365e+00, 5.2538015425928197e+00,
          7.3684363991196991e+00, 5.5441593947046819e+00,
          3.1937459915306898e+00, 6.8117477944530924e-01,
          -1.8857995477899552e+00, -4.3243989102578455e+00,
          -1.9448117461182273e+00, 5.8005951768498776e-01,
          3.0496200878790583e+00, 3.0820960284780452e+00,
          6.0761273536053095e-01, -1.9153118412897592e+00,
