%YAML:1.0
description: "15"
samples:
   - !!opencv-matrix
      rows: 198
      cols: 1
      dt: d
      data: [ -2.1351259808501936e+01, -2.0843319015759519e+01,
          -2.0086696150325341e+01, -1.8985353447299289e+01,
          -1.7091169817586806e+01, -1.3560169179414657e+01,
          -8.8215354610299705e+00, -3.6014546460469066e+00,
          1.8929069172616808e+00, 7.3941315091739153e+00,
          1.2296657595918234e+01, 1.6277307720117371e+01,
          1.8797685829642461e+01, 1.9847220975941703e+01,
          2.0085197958788136e+01, 1.9852786451074710e+01,
          1.9264628148247184e+01, -1.7391397490043062e+01,
          -1.5039145733597261e+01, -1.2016594774629201e+01,
          -8.8723345519217354e+00, -5.8153829013194551e+00,
          3.7559249845569891e+00, 6.2584435756545851e+00,
          8.9218196772872851e+00, 1.1613910126832801e+01,
          1.3968894592263442e+01, -8.0938605186945289e-02,
          7.4304952565253712e-02, 2.0656201323661205e-01,
          3.2721038186702017e-01, -2.9003048421553874e+00,
          -1.1405756717412663e+00, 6.9020068602788953e-01,
          2.3347844125528567e+00, 3.8573884927747479e+00,
          -1.2968724340068270e+01, -1.1023537822922647e+01,
          -8.7764404620250644e+00, -6.8390403279020591e+00,
          -8.8564053260916751e+00, -1.1009327300725259e+01,
          5.4815396220976895e+00, 7.2492218368938408e+00,
          9.4064412804838202e+00, 1.1286266047661412e+01,
          9.4453404204549738e+00, 7.3968408866780750e+00,
          -6.3468355726828527e+00, -4.3179688646071988e+00,
          -2.0644171033195935e+00, 4.1536353096385947e-01,
          2.8087692736490473e+00, 5.0531105526220017e+00,
          7.0218338334483992e+00, 5.3171623207328365e+00,
          3.0846807658176587e+00, 6.8692530302299426e-01,
          -1.8494462054782030e+00, -4.2382682731766970e+00,
          -2.0191138344126722e+00, 5.2367036057769978e-01,
          3.0289752906925966e+00, 3.0945307650151106e+00,
          6.1931692170542363e-01, -1.9259396434813241e+00,
          -6.6851428550367480e+00, -7.6913469486294073e-01,
          5.1356611802231935e+00, 1.0669339466834625e+01,
          1.5367022850908892e+01, 1.8807247790231351e+01,
          2.0959448531720678e+01, 2.2109680039957777e+01,
          2.1835909518293498e+01, 2.1132799212400137e+01,
          1.8929019080620456e+01, 1.5676834145495562e+01,
          1.1483792290029140e+01, 6.7771080236730405e+00,
          1.7349348341149877e+00, -3.5453346134995902e+00,
          -8.7644277125571541e+00, -1.4016427412723816e+01,
          -1.6263640318457306e+01, -1.7276964862283297e+01,
          -1.7274837918970885e+01, -1.6635258779847060e+01,
          -1.6563029886704271e+01, -1.7291556096632302e+01,
          -1.7547093292862783e+01, -1.7143105329550760e+01,
          -1.5644975329716166e+01, -1.1245226268605848e+01,
          -8.6677325775609741e+00, -6.1120978862003357e+00,
          -3.5490242316333660e+00, 6.6501319403748638e-01,
          1.0106346567693780e+00, 1.0702167949030725e+00,
          8.7800598783748340e-01, 4.0286476170318053e-01,
          -1.0059994229829595e+01, -1.1141373652134217e+01,
          -1.1285864807973876e+01, -1.0247517565341028e+01,
          -9.6054880271986853e+00, -9.4873920945507351e+00,
          -1.0556849263332822e+01, -1.1580099529532280e+01,
          -1.1664967608680195e+01, -1.0686320678982170e+01,
          -1.0017496428744014e+01, -1.0015480681522897e+01,
          8.8501618401392292e+00, 7.0354166069027571e+00,
          5.6539556449432711e+00, 5.6791000514793639e+00,
          5.5276331102620908e+00, 6.7764834954304760e+00,
          8.5820769764052383e+00, 9.8685561209402017e+00,
          1.0448026351306018e+01, 1.0477560740045748e+01,
          1.0540834489686755e+01, 1.0007524859573680e+01,
          7.8100882094561834e+00, 7.5493179784927538e+00,
          7.7221702675612649e+00, 8.0643378580723759e+00,
          7.9580061222368323e+00, 8.1472168534359355e+00,
          2.1791723648605036e+01, 2.1359007949655162e+01,
          2.0922103240350069e+01, 1.8593740407062285e+01,
          1.3543634801991800e+01, 7.8841585480169734e+00,
          3.2459008299348739e+00, -9.2873459444503725e-01,
          -4.7138346253788610e+00, -5.7589904403500414e-01,
          3.4976653505740050e+00, 8.1661675506802531e+00,
          1.3806041598446470e+01, 1.8433886762481308e+01,
          2.0605667534053850e+01, 2.0716208597476019e+01,
          2.1218462097516891e+01, 4.0441397992507538e-02,
          -1.5516929519841869e+00, -2.8932413493206894e+00,
          -4.2273204556113519e+00, -5.4755831028240642e+00,
          -5.6336284554782559e+00, -4.2613387014662365e+00,
          -2.8748879094639950e+00, -1.4779057347738651e+00,
          1.2271374311339689e-01, -4.9720637790838946e+00,
          -7.7715332013834768e+00, -1.0658647290705563e+01,
          -1.3412678402574572e+01, -6.4784642832141248e+00,
          -7.2419337110226687e+00, -7.9620847333638594e+00,
          -7.0000262305132006e+00, -6.0018711270006326e+00,
          -9.4837561427970063e-01, -1.1154533679102772e+00,
          -1.1754917492936661e+00, -8.6431323223559753e-01,
          -1.0803380773492572e+00, -1.0725558158738284e+00,
          -9.8028002539342129e-01, -1.0347698608570246e+00,
          -1.0305499971435610e+00, -9.3884178258346218e-01,
          -1.1080171803725283e+00, -1.1759389187655271e+00,
          -2.9024563460006103e+00, -5.0169713919555283e+00,
          -6.7341415109138945e+00, -8.3126819509641088e+00,
          -6.4346193191745451e+00, -4.7246183154914450e+00,
          -2.7905411036290322e+00, -3.7480859121696390e+00,
          -5.1988463990970599e+00, -6.7646621442310479e+00,
          -5.4891627266317622e+00, -4.0835513858826813e+00,
          -5.4144772798065715e+00, -7.3395855861259278e+00,
          -4.8937601500139207e+00, -4.2791676061525639e+00,
          -6.4479074741260201e+00, -4.7338813319213351e+00 ]
   - !!opencv-matrix
      rows: 198
      cols: 1
      dt: d
      data: [ -2.1271973150041962e+01, -2.0514695856131350e+01,
          -1.9422602233037182e+01, -1.7980110096520072e+01,
          -1.5789168094752149e+01, -1.2461570504467053e+01,
          -8.3001526118368592e+00, -3.6435565353006023e+00,
          1.4643902687458903e+00, 6.5951888020712328e+00,
          1.0968350578579608e+01, 1.4647671398033088e+01,
          1.7395371394896099e+01, 1.8986874853913740e+01,
          1.9722185186831926e+01, 2.0011003077471681e+01,
          1.9904702346511009e+01, -1.7804380300701851e+01,
          -1.5177349545715126e+01, -1.1866271783704708e+01,
          -8.4518846946232138e+00, -5.1363308178873703e+00,
          3.1566161375991784e+00, 6.1260364068452375e+00,
          9.2784958189546085e+00, 1.2468247857216683e+01,
          1.5227823718552424e+01, -5.2501314861545412e-01,
          -2.9612067434746614e-01, -7.4245896285286883e-02,
          1.3836515488779388e-01, -3.4316820396707000e+00,
          -1.5394000185566932e+00, 4.5664595569320593e-01,
          2.3362838383660312e+00, 4.0449070852852831e+00,
          -1.3505080008071689e+01, -1.1305497230837490e+01,
          -8.6344081132576669e+00, -6.3714324762463734e+00,
          -8.7389687534433911e+00, -1.1203248178282857e+01,
          4.7837520173725272e+00, 6.8183612579288742e+00,
          9.4544084542161571e+00, 1.1783626999176274e+01,
          9.6022968356994927e+00, 7.1635504678902260e+00,
          -6.8292642100220879e+00, -4.6432045265763007e+00,
          -2.1698843757711650e+00, 4.8749245933664087e-01,
          3.0769719704546219e+00, 5.5999557946947798e+00,
          7.8462291891740330e+00, 6.0337825857613492e+00,
          3.5781803511173487e+00, 7.9245946649069288e-01,
          -2.0441450907228766e+00, -4.6746413264504874e+00,
          -2.4921417451449410e+00, 6.0064715433496851e-01,
          3.6436092726390061e+00, 3.7059603060607893e+00,
          6.5465585660597192e-01, -2.4518315536012625e+00,
