%YAML:1.0
description: "17"
samples:
   - !!opencv-matrix
      rows: 198
      cols: 1
      dt: d
      data: [ -2.0726577287821911e+01, -2.0103645397834271e+01,
          -1.9063776637188536e+01, -1.7564099291122474e+01,
          -1.5332319532688247e+01, -1.2134192656106439e+01,
          -8.1407306834712596e+00, -3.5831149587322315e+00,
          1.5395829721282419e+00, 6.6107205599214076e+00,
          1.0879832791949308e+01, 1.4463854436144182e+01,
          1.7097962284037578e+01, 1.8600388178375113e+01,
          1.9336198537742963e+01, 1.9625413945880901e+01,
          1.9508883770965575e+01, -1.6934054554892175e+01,
          -1.4561825182673473e+01, -1.1515420006283632e+01,
          -8.3306222305940025e+00, -5.2496942446165304e+00,
          2.8053751073115976e+00, 5.7719274003665229e+00,
          8.9295116764082128e+00, 1.2082585075147804e+01,
          1.4735460428388299e+01, -8.3732529968081371e-01,
          -5.7584291544959598e-01, -3.1080451418488941e-01,
          -4.6830300097202820e-02, -3.2033242522879557e+00,
          -1.5367955780285949e+00, 2.1234528116059412e-01,
          1.9580720041145783e+00, 3.5549936882194908e+00,
          -1.2659709532878603e+01, -1.0652194665848869e+01,
          -8.0395831854364754e+00, -5.9555013747424761e+00,
          -8.1457033242775125e+00, -1.0510874345911688e+01,
          4.3638070463503711e+00, 6.2176998203842135e+00,
          8.8281942028612690e+00, 1.1063607206002215e+01,
          9.0517331523174995e+00, 6.6708920029734298e+00,
          -5.4910483459969335e+00, -3.8672680473740217e+00,
          -1.8871109540795312e+00, 4.7046385438491450e-01,
          2.8190736754707908e+00, 4.9833483477981702e+00,
          6.8478225516827296e+00, 5.3344623750236231e+00,
          3.2813238564688327e+00, 8.3344743242063790e-01,
          -1.6125513389235984e+00, -3.7844068648747653e+00,
          -1.7589257215347440e+00, 5.8964312099954419e-01,
          2.9585855945297506e+00, 2.9428552457898585e+00,
          6.3218057880360878e-01, -1.6815327113920091e+00,
          -5.0502660138754152e+00, 2.3977144554307994e-02,
          5.0614895660044557e+00, 9.7373029332202972e+00,
          1.3699803660418402e+01, 1.6968606562510459e+01,
          1.9548579894987554e+01, 2.1344785652189078e+01,
          2.1395730179384266e+01, 2.0705689407867251e+01,
          1.8403628321657134e+01, 1.5355833173891599e+01,
          1.1672723510307197e+01, 7.3709205334379169e+00,
          2.4287411677762774e+00, -2.8080926249068714e+00,
          -8.0228744834615622e+00, -1.4666074501201125e+01,
          -1.6881808068093452e+01, -1.7919848772947841e+01,
          -1.8023682414656292e+01, -1.7458789404029023e+01,
          -1.8101249835624476e+01, -1.9110165226184289e+01,
          -1.9465419720683954e+01, -1.8868222435707956e+01,
          -1.7012599034747584e+01, -1.2038657109407607e+01,
          -8.9520537667333553e+00, -5.9032946393637724e+00,
          -2.8513861973399788e+00, 1.7137680090260854e+00,
          2.0594642840906392e+00, 2.0435419768544332e+00,
          1.8137509220752532e+00, 1.2318979712168243e+00,
          -1.0241300928531567e+01, -1.1869087250547556e+01,
          -1.1953934650809217e+01, -1.0423857859077277e+01,
          -9.6212504783608903e+00, -9.4128477756251883e+00,
          -1.1171672603320832e+01, -1.3017758928556276e+01,
          -1.3313407793924270e+01, -1.2000420197798768e+01,
          -1.0859194726648933e+01, -1.0709240650789074e+01,
          9.9980600575493348e+00, 8.0384305108035363e+00,
          6.4450959421483525e+00, 6.3527449069731077e+00,
          6.1236503756188947e+00, 7.4376945232341027e+00,
          9.1480946108067922e+00, 1.0781047776314507e+01,
          1.1862243235765609e+01, 1.2181971262331118e+01,
          1.2189400031679922e+01, 1.1394358446565054e+01,
          8.7791005101343114e+00, 8.2856833094935549e+00,
          8.4592654265802807e+00, 9.0768101550939946e+00,
          9.2082498500147700e+00, 9.3864613685042642e+00,
          2.1157936791431752e+01, 2.0637156681459107e+01,
          2.0363558909058735e+01, 1.8399169263243394e+01,
          1.3446586281570621e+01, 8.0968778461956354e+00,
          3.3874641950765687e+00, -8.3274530555050574e-01,
          -4.3041715587918166e+00, -7.6973103484676619e-01,
          3.4658232079765390e+00, 8.2088348927112182e+00,
          1.3597572062386334e+01, 1.8599014992527874e+01,
          2.0571172820616983e+01, 2.0895146885129506e+01,
          2.1445134644123499e+01, 1.9645684327510587e-01,
          -1.4858043726138359e+00, -2.8429177688294147e+00,
          -4.1781067157213947e+00, -5.4733957520380958e+00,
          -5.3078195772766978e+00, -4.0017539247614415e+00,
          -2.6558197787181799e+00, -1.2860634860522471e+00,
          4.1139788857368664e-01, -4.8993006238286814e+00,
          -7.6808924107224383e+00, -1.0632295818736601e+01,
          -1.3432856545240361e+01, -6.6628588498043673e+00,
          -7.3416860349125548e+00, -7.9314326016899335e+00,
          -7.2426182308009990e+00, -6.5444760935464581e+00,
          -7.5820473084784235e-01, -9.7631064750049290e-01,
          -1.1363718174740005e+00, -9.4658168419318445e-01,
          -1.1601539916678276e+00, -1.0907993268107063e+00,
          -7.6294809260859797e-01, -9.8068148554618828e-01,
          -8.2192223801641129e-01, -5.9985636247286256e-01,
          -9.2098858409694928e-01, -9.9235154392493252e-01,
          -2.8285254339941583e+00, -5.0167320271942710e+00,
          -6.6698780684197221e+00, -8.4446432103157978e+00,
          -6.6189894263563600e+00, -4.9459986119110706e+00,
          -2.7180781305776320e+00, -4.0286030079596289e+00,
          -5.3203750251598807e+00, -6.5816210352794453e+00,
          -5.3836697503338726e+00, -4.1122529003007600e+00,
          -5.2164206234941357e+00, -7.4596818281660386e+00,
          -5.1466693311783462e+00, -4.5919711168066026e+00,
          -6.5029881042207229e+00, -4.6381778823690487e+00 ]
   - !!opencv-matrix
      rows: 198
      cols: 1
      dt: d
      data: [ -2.0554680138970877e+01, -1.9966567799408605e+01,
          -1.9061962468215775e+01, -1.7789072111454850e+01,
          -1.5789046601949494e+01, -1.2583756801625885e+01,
          -8.4224369747079315e+00, -3.7261553515157768e+00,
          1.3481939872889805e+00, 6.4684679029854895e+00,
          1.0934300853940961e+01, 1.4698702538335782e+01,
          1.7361989126375391e+01, 1.8743976048341104e+01,
          1.9338045112117666e+01, 1.9488958453105436e+01,
          1.9259262002602235e+01, -1.6786818825357322e+01,
          -1.4659790116654527e+01, -1.1772171593214729e+01,
          -8.6803781276375584e+00, -5.6470187615357430e+00,
          3.3649539673471685e+00, 6.1561607979518618e+00,
          9.1145671402209771e+00, 1.2031460690167128e+01,
          1.4426984813072245e+01, -5.5955727494834939e-01,
          -3.6005214022156884e-01, -1.6440664204455424e-01,
          2.1755799270519141e-02, -2.9896879266333052e+00,
          -1.3624367470038199e+00, 3.0728410536643602e-01,
          1.9005770316820232e+00, 3.4212428445824958e+00,
          -1.2847152335963463e+01, -1.1014679858581083e+01,
          -8.6070438538247842e+00, -6.6023983357468214e+00,
          -8.5935695696709136e+00, -1.0810022003887514e+01,
          5.2917712301700215e+00, 7.0916469283809551e+00,
          9.4877227363295589e+00, 1.1488422379733793e+01,
          9.5876388915339099e+00, 7.3766999489651459e+00,
          -6.2731363873454766e+00, -4.3929521238616935e+00,
          -2.1555300881369335e+00, 4.6277297237343124e-01,
          3.0279327672342511e+00, 5.3850918660201597e+00,
          7.3976016076530895e+00, 5.6009420787619675e+00,
          3.2942337955435357e+00, 7.4432470634345038e-01,
          -1.8277407495140428e+00, -4.2548254440852151e+00,
          -2.1235365021263579e+00, 5.7342788692654256e-01,
          3.2267539067946163e+00, 3.2204936957915651e+00,
          6.0524300340059756e-01, -2.0661750132149157e+00,
