%YAML:1.0
description: "18"
samples:
   - !!opencv-matrix
      rows: 198
      cols: 1
      dt: d
      data: [ -1.9955502316359819e+01, -1.9552603262999380e+01,
          -1.8780159562045444e+01, -1.7634108422460383e+01,
          -1.5832308921488542e+01, -1.2830466040334851e+01,
          -8.7127213639863434e+00, -3.9326955128979164e+00,
          1.2753672148274955e+00, 6.4775727736232431e+00,
          1.1050044147139742e+01, 1.4879872260374624e+01,
          1.7483465996121211e+01, 1.8696118420941598e+01,
          1.9164098202019915e+01, 1.9254171005428908e+01,
          1.8990305518061636e+01, -1.6061565979815263e+01,
          -1.4090318128040739e+01, -1.1640256756428801e+01,
          -9.0928624680556052e+00, -6.6453832292606165e+00,
          3.7523523030254484e+00, 6.2826809984431788e+00,
          8.9975010806824063e+00, 1.1706825286017139e+01,
          1.3988809849029765e+01, -9.5246341055355854e-01,
          -7.1502479037555000e-01, -4.7633762493594478e-01,
          -2.3422297237775233e-01, -3.0287603361176387e+00,
          -1.4986861598874024e+00, 7.3948404490858224e-02,
          1.6655181805629899e+00, 3.1715169508637295e+00,
          -1.2971487329647884e+01, -1.1241493574829315e+01,
          -9.0172704628108011e+00, -7.2060401746946159e+00,
          -9.0341095786344834e+00, -1.1108268926626145e+01,
          5.5155806478837759e+00, 7.1537450732745187e+00,
          9.3918032744095168e+00, 1.1345889476106866e+01,
          9.6108330875586674e+00, 7.5075645342996919e+00,
          -4.6519126796316801e+00, -3.1436408033065462e+00,
          -1.4265890171878342e+00, 6.2215400038832425e-01,
          2.6674189885694024e+00, 4.6201244285669345e+00,
          6.4291946127495692e+00, 4.9654101782903952e+00,
          3.0979040816291041e+00, 9.7647192614658951e-01,
          -1.1122159991265446e+00, -3.0614221311856422e+00,
          -1.1041173421452972e+00, 7.6670817054556961e-01,
          2.6616779964603769e+00, 2.6235201646460036e+00,
          7.6053814568925393e-01, -1.0768475068461525e+00,
          -5.6073540354666935e+00, -4.4770786742749918e-01,
          4.7018188684904949e+00, 9.5339964416100553e+00,
          1.3845460831910655e+01, 1.7413613555218745e+01,
          2.0010277458913329e+01, 2.1636520652807661e+01,
          2.1703923290957917e+01, 2.1079662583141854e+01,
          1.8934046859551117e+01, 1.5899948333972839e+01,
          1.2010627871620784e+01, 7.3996379172183699e+00,
          2.2476245620462754e+00, -3.1912176474339740e+00,
          -8.5986800306439477e+00, -1.5768772546852468e+01,
          -1.7551801309777751e+01, -1.8401335467432475e+01,
          -1.8512956291574493e+01, -1.8031636401701718e+01,
          -1.8898055006156582e+01, -1.9815087828219742e+01,
          -2.0100455943871903e+01, -1.9496265178501247e+01,
          -1.7811570760301780e+01, -1.0827975231049287e+01,
          -8.1377974345273589e+00, -5.4756944737494724e+00,
          -2.8138780307714097e+00, 1.4897853626012676e+00,
          1.6820797667532319e+00, 1.6479036577626300e+00,
          1.4274573844890510e+00, 9.7616395336750550e-01,
          -9.5262603892950199e+00, -1.0838431812207203e+01,
          -1.0982999717956037e+01, -9.9070535502904793e+00,
          -8.9727259484571498e+00, -8.7866253679144020e+00,
          -1.0909296653112484e+01, -1.2305404345123058e+01,
          -1.2501753861321880e+01, -1.1513391155446753e+01,
          -1.0467758387357273e+01, -1.0313418830523707e+01,
          1.0030989885448061e+01, 8.1726990947681379e+00,
          6.6032905340408412e+00, 6.5167711099455730e+00,
          6.2628324757566176e+00, 7.5096421653296082e+00,
          9.0419263346473588e+00, 1.0410604460746731e+01,
          1.1282162392745809e+01, 1.1567388577827934e+01,
          1.1637565832392568e+01, 1.1127649297224073e+01,
          8.9072905819687982e+00, 8.5042951993042237e+00,
          8.5749438683565700e+00, 8.7669257338780788e+00,
          8.8600059301231937e+00, 9.0959661148573616e+00,
          2.1179051801847919e+01, 2.0553123437413010e+01,
          2.0369541952439821e+01, 1.8185063444191506e+01,
          1.3568541342863492e+01, 7.8670927124180858e+00,
          3.1092350828622295e+00, -8.3159336070192380e-01,
          -4.4875745450001698e+00, -7.7751011393837699e-01,
          3.2410216817903748e+00, 7.9874397852854244e+00,
          1.3683722812517217e+01, 1.8448350437548630e+01,
          2.0700085138211843e+01, 2.0996694595520800e+01,
          2.1546797771105702e+01, 2.4342198095348869e-01,
          -1.3412437206129364e+00, -2.7342920302567317e+00,
          -4.0804673642285394e+00, -5.4242884153697322e+00,
          -5.2198548580967312e+00, -3.8987076888687913e+00,
          -2.5636374316346839e+00, -1.1726031409844395e+00,
          4.5221786639320549e-01, -4.9634765199524349e+00,
          -7.7005184570860861e+00, -1.0562605738150969e+01,
          -1.3312579723121850e+01, -6.3350704128383519e+00,
          -7.2336084190226044e+00, -8.0130911186769467e+00,
          -7.1695076267469231e+00, -6.3877441474320298e+00,
          -8.7046580350430292e-01, -9.8509948728438990e-01,
          -1.1194909001224980e+00, -1.1053466133749787e+00,
          -1.3377740066950214e+00, -1.1650225664379814e+00,
          -8.9062439562217355e-01, -1.0290347441857866e+00,
          -8.4163658715913747e-01, -6.3892502946621577e-01,
          -9.3340021237305904e-01, -1.0972335100674335e+00,
          -2.9545620476499628e+00, -5.0932411383590432e+00,
          -6.7501690522099489e+00, -8.5242364966161901e+00,
          -6.6758743358366237e+00, -5.0098597780860388e+00,
          -2.7896651455388941e+00, -4.0389367092693247e+00,
          -5.2959680521255077e+00, -6.6474428494883560e+00,
          -5.3748727678300723e+00, -4.0958453636065544e+00,
          -5.0498817351153402e+00, -7.3229881583881040e+00,
          -5.0686988220884199e+00, -4.5498960274621698e+00,
          -6.1363010896312975e+00, -4.5288226645002467e+00 ]
   - !!opencv-matrix
      rows: 198
      cols: 1
      dt: d
      data: [ -2.0764834535112104e+01, -2.0110540011437287e+01,
          -1.9059167398202849e+01, -1.7602949645940662e+01,
          -1.5422895259825610e+01, -1.2190914099161233e+01,
          -8.1104698213613702e+00, -3.4854028733760671e+00,
          1.5720616684168502e+00, 6.4978925658671498e+00,
          1.0720042879034253e+01, 1.4312447313646425e+01,
          1.6958142814691964e+01, 1.8491659302036179e+01,
          1.9273465009834123e+01, 1.9640796695882614e+01,
          1.9614135343138479e+01, -1.7275594954199025e+01,
          -1.4983553609355489e+01, -1.1908536574182863e+01,
          -8.6283560546810403e+00, -5.4476749068387216e+00,
          2.8338444775809331e+00, 5.8866637155920865e+00,
          9.1568772317837421e+00, 1.2389572367822527e+01,
          1.5032321696716570e+01, -8.3575678671447162e-01,
          -6.2890827837296803e-01, -4.1687364546700767e-01,
          -1.9814307389278990e-01, -3.2463281376941842e+00,
          -1.6128768190166027e+00, 9.3745618060015828e-02,
          1.8163626830259085e+00, 3.4079583049854976e+00,
          -1.2955233907960825e+01, -1.0949910595083580e+01,
          -8.3357009626715755e+00, -6.2153969054302252e+00,
          -8.4091904439542198e+00, -1.0779597077835172e+01,
          4.9701573983101266e+00, 6.8723878545793973e+00,
          9.4734209213897138e+00, 1.1682149672319124e+01,
          9.6379738506269614e+00, 7.2605918655639856e+00,
          -5.8972705074016858e+00, -4.0734245658231343e+00,
          -1.9624750646551301e+00, 4.6295601768773903e-01,
          2.8820750942091746e+00, 5.1751084727457366e+00,
          7.2423731328914513e+00, 5.5575651602444855e+00,
          3.3715985269291320e+00, 8.6896433295413844e-01,
          -1.6575888630612112e+00, -3.9965341403431642e+00,
          -1.8280989778735290e+00, 6.0710776652843368e-01,
          3.0732497028510055e+00, 3.0955358042585179e+00,
          6.5135239719375715e-01, -1.7875233755710609e+00,
