%YAML:1.0
description: "19"
samples:
   - !!opencv-matrix
      rows: 198
      cols: 1
      dt: d
      data: [ -2.0776923436807241e+01, -2.0343331048241410e+01,
          -1.9581774606631569e+01, -1.8279209558084645e+01,
          -1.6206244536654463e+01, -1.2918401694372825e+01,
          -8.6606725415890153e+00, -3.9254904731272764e+00,
          1.1459893121954103e+00, 6.2955659784931211e+00,
          1.0832413174419173e+01, 1.4766202445867631e+01,
          1.7637450928514195e+01, 1.9236464937843039e+01,
          1.9947069830492119e+01, 1.9991924849653856e+01,
          1.9617832568043177e+01, -1.6829640647570621e+01,
          -1.4944772517287715e+01, -1.2031600674593152e+01,
          -8.7469509901989433e+00, -5.5059928477711493e+00,
          2.7999425485554927e+00, 5.7063068196953459e+00,
          8.8249719508907827e+00, 1.1832268020721079e+01,
          1.4158155947542685e+01, -4.9926736569901775e-01,
          -3.1450273207769663e-01, -1.2909009983658101e-01,
          5.0095830238278669e-02, -2.6598510003755509e+00,
          -1.1575330338010810e+00, 3.5889290428427789e-01,
          1.8088009887411458e+00, 3.2196179262251574e+00,
          -1.1226516946960214e+01, -9.6671499843734132e+00,
          -7.6269576847769747e+00, -5.7978557851883039e+00,
          -7.4849558981095772e+00, -9.3930547717934338e+00,
          4.6892475535157780e+00, 6.3624476350665038e+00,
          8.3961014022093199e+00, 1.0099351087529728e+01,
          8.3987208776158706e+00, 6.4894275033993001e+00,
          -6.4744554189156416e+00, -4.6050994797995566e+00,
          -2.3109153531633990e+00, 5.2012755319052439e-01,
          3.3050627297191455e+00, 5.7236919546924190e+00,
          7.7068364863515413e+00, 5.9237291107284298e+00,
          3.5901132681730141e+00, 8.3683028211168264e-01,
          -1.9303535473596725e+00, -4.4221184452879960e+00,
          -2.0737983581909867e+00, 6.3777330653340880e-01,
          3.3058406582882398e+00, 3.4015051631144120e+00,
          7.3243779049247082e-01, -2.0198707623471206e+00,
          -5.9019914251305288e+00, -7.2567562228388449e-01,
          4.4246743344364017e+00, 9.4574313206146670e+00,
          1.4140181244308792e+01, 1.7927096419337744e+01,
          2.0619146397677078e+01, 2.2419351630297527e+01,
          2.2813489619513348e+01, 2.1779425494562609e+01,
          1.9229496229214810e+01, 1.5858034243945598e+01,
          1.1576174927220308e+01, 6.6424194737502340e+00,
          1.5209332363897816e+00, -3.6394145821550392e+00,
          -8.7942811420902842e+00, -1.4232479665809427e+01,
          -1.6968681924564233e+01, -1.8541236436553092e+01,
          -1.8815962351327141e+01, -1.8210780147041689e+01,
          -1.8658183728368979e+01, -1.9789775153038882e+01,
          -2.0091857133211974e+01, -1.9249872326046713e+01,
          -1.7188646730645559e+01, -1.1404678780424277e+01,
          -8.7924751056921586e+00, -6.1902581419546339e+00,
          -3.6084762190271684e+00, 4.5984924371117109e-01,
          5.8037788862123652e-01, 5.4003863626724025e-01,
          3.9617469953057360e-01, 8.5780190869478357e-02,
          -8.5287308995350486e+00, -9.7175817217709017e+00,
          -9.9326775902908118e+00, -9.2027980271952821e+00,
          -8.2115536469730266e+00, -7.9652290869288942e+00,
          -9.9429833434255652e+00, -1.0920646157535867e+01,
          -1.1041636921868351e+01, -1.0094412211319492e+01,
          -9.2355379392730761e+00, -9.2058434240786369e+00,
          9.3201872569396684e+00, 7.2659530053603776e+00,
          5.5064569465211797e+00, 5.4424421845257536e+00,
          5.1603502801385774e+00, 6.6358798880856034e+00,
          8.4794275100513588e+00, 1.0250408652046596e+01,
          1.1443792454417370e+01, 1.1897341300217638e+01,
          1.1751939988475989e+01, 1.0858691794493996e+01,
          7.8849042715951887e+00, 7.5296702313751505e+00,
          7.5796001281774341e+00, 8.8675239536368604e+00,
          9.2644536894463876e+00, 9.1953844574104604e+00,
          2.1308398289587767e+01, 2.0890817460757869e+01,
          2.0529511822765357e+01, 1.8364818451554495e+01,
          1.3452280148847281e+01, 7.8551857047288820e+00,
          3.2748904138806068e+00, -7.0239673809396286e-01,
          -4.7762385237668603e+00, -6.6247456488144407e-01,
          3.3379832240494975e+00, 7.9348942143961860e+00,
          1.3551208595234526e+01, 1.8375673890168997e+01,
          2.0643330161966066e+01, 2.1013482861977145e+01,
          2.1340389468561010e+01, 2.9650895742513922e-01,
          -1.6332560452925629e+00, -2.9662607769991229e+00,
          -4.1355906024710860e+00, -5.2408049939875614e+00,
          -5.2206303879910987e+00, -4.0113206134105566e+00,
          -2.7609491980802296e+00, -1.3399077610746049e+00,
          4.9363675354625497e-01, -4.9702606009275181e+00,
          -7.6701589196123043e+00, -1.0465679152665253e+01,
          -1.3259091346293131e+01, -6.2725716337404434e+00,
          -7.0735791882084564e+00, -7.9812071052331186e+00,
          -6.9907389240401052e+00, -6.2066036478581657e+00,
          -1.0954659276819576e+00, -1.3378475475737035e+00,
          -1.3678027997295006e+00, -8.8409569954824763e-01,
          -1.1745684147849769e+00, -1.1761914635578543e+00,
          -7.3100044715573642e-01, -1.2136769143344024e+00,
          -1.1735622319269470e+00, -9.3980035734709333e-01,
          -1.0220303572716922e+00, -1.0120326533928841e+00,
          -2.7957978877148961e+00, -5.0196700918562716e+00,
          -6.5842885569436760e+00, -8.0573216725178813e+00,
          -6.4704702454540177e+00, -4.8803527304622181e+00,
          -2.6531090383298204e+00, -4.0327145117914229e+00,
          -5.3903396016241798e+00, -6.8845585884342633e+00,
          -5.4647652952600003e+00, -4.0304298867989479e+00,
          -5.1208993253095851e+00, -7.1758923688603016e+00,
          -4.9725564639771820e+00, -4.5086160138051889e+00,
          -6.5509456600970530e+00, -4.6023802715423088e+00 ]
   - !!opencv-matrix
      rows: 198
      cols: 1
      dt: d
      data: [ -1.9847918625704938e+01, -1.9139193861278784e+01,
          -1.8132099588292927e+01, -1.6823456347488694e+01,
          -1.4773913820062084e+01, -1.1743240811134303e+01,
          -7.9265958590493879e+00, -3.7025407656615661e+00,
          1.0473053758973274e+00, 6.0352036568790313e+00,
          1.0508930802854739e+01, 1.4337992947754898e+01,
          1.6993467382710627e+01, 1.8158442838919946e+01,
          1.8562044598461632e+01, 1.8767886259383680e+01,
          1.8689280831939531e+01, -1.6578960351763342e+01,
          -1.4337346430672286e+01, -1.1593802880633545e+01,
          -8.7492807486994710e+00, -6.0025919714290810e+00,
          3.3523071422850466e+00, 6.1724094426852609e+00,
          9.1300190830541776e+00, 1.2030638953532693e+01,
          1.4467859902635968e+01, -7.3066125846675345e-01,
          -2.8416539524919504e-01, 1.4802204293538745e-01,
          5.5186635033970632e-01, -2.9414076876086166e+00,
          -1.1877428364105698e+00, 6.0854414001823942e-01,
          2.3021726504658777e+00, 3.9137603412201591e+00,
          -1.3495871503427482e+01, -1.1783869840723163e+01,
          -9.5260154212285979e+00, -7.7416359577926199e+00,
          -9.5884093150738359e+00, -1.1634357049010557e+01,
          5.3435298834884470e+00, 6.9415618418345124e+00,
          9.2336334383453789e+00, 1.1218064954079249e+01,
          9.4698227128260513e+00, 7.3788235588677686e+00,
          -7.3826108880779220e+00, -4.7734388348577568e+00,
          -2.1136600350069439e+00, 6.7265253705525219e-01,
          3.3769609900842061e+00, 6.1207902986584823e+00,
          8.8367042190137752e+00, 6.7584646728641324e+00,
          3.9215667988996330e+00, 7.9177935494098595e-01,
          -2.2994569133304696e+00, -5.1457977421034959e+00,
          -2.7169142670057704e+00, 6.9418996439692626e-01,
          3.9894284304893244e+00, 4.0896607118899446e+00,
          6.7641732928512899e-01, -2.7903967447495326e+00,
