%YAML:1.0
description: "2"
samples:
   - !!opencv-matrix
      rows: 198
      cols: 1
      dt: d
      data: [ -1.9819548185514723e+01, -1.9068325797413955e+01,
          -1.7981179873173165e+01, -1.6595114559934970e+01,
          -1.4588420043556940e+01, -1.1648327305695599e+01,
          -7.8779630614510907e+00, -3.4647124161208782e+00,
          1.5290312647651472e+00, 6.3503591509963391e+00,
          1.0246246630476918e+01, 1.3455203251817039e+01,
          1.5897506224388165e+01, 1.7468595983381764e+01,
          1.8303778936295046e+01, 1.8759242636503824e+01,
          1.8861224640612992e+01, -1.7483527575852897e+01,
          -1.5304299325832453e+01, -1.2335934060805970e+01,
          -9.2219489973909763e+00, -6.1804563077799317e+00,
          3.2929059113017995e+00, 6.2369306257234935e+00,
          9.3648000294407954e+00, 1.2521332295270321e+01,
          1.5102356255704526e+01, -9.0217203372663501e-01,
          -7.5056750254573634e-01, -5.9589063124022734e-01,
          -4.2638805088865972e-01, -3.7823163218213249e+00,
          -1.9277172509218894e+00, 1.3204454140388379e-02,
          1.9484962760240070e+00, 3.7338188996188117e+00,
          -1.3778096401938472e+01, -1.1717110698066987e+01,
          -9.0918663411640654e+00, -6.8831355745594589e+00,
          -9.1272822031595062e+00, -1.1539562666524303e+01,
          5.4090995441361436e+00, 7.4160736443394741e+00,
          1.0026134572848418e+01, 1.2284810129774158e+01,
          1.0152923834156729e+01, 7.7272836740799846e+00,
          -6.3203838667133061e+00, -4.6651179859596574e+00,
          -2.2848786328314774e+00, 5.6509599643742625e-01,
          3.4077247762502711e+00, 6.0184109103059100e+00,
          8.0156718655893364e+00, 6.5673730320237231e+00,
          4.2920308745415774e+00, 1.2542511916871060e+00,
          -1.8640516464786230e+00, -4.4473919252329850e+00,
          -2.6003654531926799e+00, 7.3611665420288153e-01,
          4.1278020863939471e+00, 4.3999602684313723e+00,
          1.0275972104527629e+00, -2.4345091639159704e+00,
          -5.6443080579943734e+00, -5.6160866833399326e-01,
          4.4762757768207502e+00, 9.2854456047867870e+00,
          1.3617528507399463e+01, 1.7322624953682052e+01,
          2.0296763086191262e+01, 2.2383759993129100e+01,
          2.2666399134442038e+01, 2.1656321023104546e+01,
          1.8881385172293527e+01, 1.5442845887586177e+01,
          1.1508884096481458e+01, 7.1215345142677506e+00,
          2.3571010963187384e+00, -2.6132673691935770e+00,
          -7.5924409418240568e+00, -1.3604092459221627e+01,
          -1.5786792952751824e+01, -1.6743721955373402e+01,
          -1.6759529577483153e+01, -1.6218898264665004e+01,
          -1.6676728518535224e+01, -1.7741515254827860e+01,
          -1.8257299368053886e+01, -1.7841305031567416e+01,
          -1.6057598965820080e+01, -1.1709465901024549e+01,
          -9.0054032404657054e+00, -6.3281326069018657e+00,
          -3.6566924821372573e+00, 2.9904556032364299e-01,
          7.6795485636782179e-01, 8.4305164608827010e-01,
          4.7411276699466365e-01, -2.8300224238428040e-01,
          -9.9112467822960539e+00, -1.1428744276072985e+01,
          -1.1663651976958597e+01, -1.0547223037335039e+01,
          -9.7487793650949861e+00, -9.4379843018112002e+00,
          -1.1454425652292096e+01, -1.2848630992863260e+01,
          -1.2985455146825824e+01, -1.1799936070942856e+01,
          -1.1003056930805666e+01, -1.0971454186227065e+01,
          9.2444706853637264e+00, 6.9586187829341704e+00,
          5.2831506110516671e+00, 5.1073930444747715e+00,
          4.8335637672893048e+00, 6.0872771898253593e+00,
          8.0639448278092818e+00, 1.0582120846406925e+01,
          1.2460116886964688e+01, 1.3181170778315961e+01,
          1.2966193393294423e+01, 1.1513242240022388e+01,
          7.3855624773026447e+00, 6.8367905567235114e+00,
          6.8331263545568532e+00, 9.5538503097191168e+00,
          1.0473656058810656e+01, 1.0117233614940723e+01,
          2.1383973341926190e+01, 2.0857253556814630e+01,
          2.0531160233978703e+01, 1.8425070634122498e+01,
          1.3675971810685365e+01, 8.1669214387787736e+00,
          3.2524437956324355e+00, -8.7248394978844213e-01,
          -4.3909420516784445e+00, -9.3729133746950954e-01,
          3.3374915491240622e+00, 8.2805077287932463e+00,
          1.3804758919259092e+01, 1.8530216384196773e+01,
          2.0798143058131526e+01, 2.1146854122799489e+01,
          2.1559045626806437e+01, 1.4612323916366224e-01,
          -1.4531278579576015e+00, -2.9182352967377607e+00,
          -4.4029565210806929e+00, -5.7556084032300134e+00,
          -5.6992224105811129e+00, -4.2669415396513388e+00,
          -2.7172366123018126e+00, -1.2061830591199267e+00,
          3.7032277792934093e-01, -5.0524311385764475e+00,
          -7.8169227746970815e+00, -1.0674725455461235e+01,
          -1.3402928607763251e+01, -6.3985772224401885e+00,
          -7.3314230227437482e+00, -8.1584872406330806e+00,
          -7.3462275218341970e+00, -6.4773702758117047e+00,
          -8.3371791742917412e-01, -9.0017340697216519e-01,
          -1.0969920452114845e+00, -1.1090461124374782e+00,
          -1.1754484489809891e+00, -1.0947666648629697e+00,
          -1.1165489745179045e+00, -1.0377342406389884e+00,
          -7.0166282965168669e-01, -4.9313509528203542e-01,
          -8.7813869204899442e-01, -1.0428821739948291e+00,
          -2.7685010666418943e+00, -4.8138602670399626e+00,
          -6.5228010922872750e+00, -8.4203340399191671e+00,
          -6.3965455473661263e+00, -4.6861379616248202e+00,
          -2.7089743020218622e+00, -4.0950749281071959e+00,
          -5.4167023666572609e+00, -6.8240781648520992e+00,
          -5.4645399255997367e+00, -4.1029899114744595e+00,
          -5.1902252778842213e+00, -7.5997620491245863e+00,
          -5.2180962051450290e+00, -4.5309360282703741e+00,
          -6.2409721368341140e+00, -4.5060476265450813e+00 ]
   - !!opencv-matrix
      rows: 198
      cols: 1
      dt: d
      data: [ -1.9287185486235312e+01, -1.8577908899727912e+01,
          -1.7528419451343513e+01, -1.6145669581760181e+01,
          -1.4116046931820277e+01, -1.1233518545078066e+01,
          -7.6001482999735011e+00, -3.2871905557280696e+00,
          1.7176337550200016e+00, 6.4761157739120669e+00,
          1.0246130890880080e+01, 1.3296349711561133e+01,
          1.5588267452442530e+01, 1.7012624427474655e+01,
          1.7757060269323631e+01, 1.8167863910045437e+01,
          1.8259442071582168e+01, -1.6817765173331154e+01,
          -1.4837773309276097e+01, -1.2162345724324139e+01,
          -9.3442246118667907e+00, -6.5806895561315102e+00,
          3.4848477653575149e+00, 6.2839150943297195e+00,
          9.2358646522509922e+00, 1.2195882167332346e+01,
          1.4619035666191778e+01, -1.0249392245967723e+00,
          -8.4894661237101832e-01, -6.6751634237871305e-01,
          -4.6911208941341265e-01, -3.9056096926432096e+00,
          -2.0380522846902389e+00, -9.4366373070853077e-02,
          1.8801087311757545e+00, 3.7233570885840543e+00,
          -1.3299847906815108e+01, -1.1361231668347376e+01,
          -8.9308165695001485e+00, -6.8667270709936332e+00,
          -8.9597474629622820e+00, -1.1205444737968646e+01,
          5.3838927041891367e+00, 7.2972255482504549e+00,
          9.7325208513383323e+00, 1.1871813997042324e+01,
          9.8488474289803438e+00, 7.5709136607664780e+00,
          -6.8829352607099334e+00, -5.1873378195375350e+00,
          -2.6028278481521654e+00, 4.9103656679177410e-01,
          3.5920686170528251e+00, 6.4399307512439252e+00,
          8.5611271390939692e+00, 7.1695272218704638e+00,
          4.7360895503699600e+00, 1.2941497281397762e+00,
          -2.2494804927948899e+00, -5.0367489485638215e+00,
          -3.2061482354967126e+00, 6.5313628791911071e-01,
          4.5802133368539026e+00, 5.0068753901224969e+00,
          1.0395230098723953e+00, -3.0518360887450977e+00,
