%YAML:1.0
description: "20"
samples:
   - !!opencv-matrix
      rows: 198
      cols: 1
      dt: d
      data: [ -2.0615390473260877e+01, -2.0163799014327811e+01,
          -1.9299936020911264e+01, -1.8035626940123379e+01,
          -1.6188485891407716e+01, -1.3180652941079197e+01,
          -8.9909522847582242e+00, -4.0603640300299499e+00,
          1.3649017676675963e+00, 6.6443899632756676e+00,
          1.1235154563573097e+01, 1.5119771089755583e+01,
          1.7857786860775668e+01, 1.9260750803770605e+01,
          1.9871122660227371e+01, 2.0029580087716035e+01,
          1.9809218192015102e+01, -1.6904775506707562e+01,
          -1.4674593128139101e+01, -1.1751428632574040e+01,
          -8.6947084499840486e+00, -5.7432756761215220e+00,
          3.0686906680952815e+00, 5.8469197885137643e+00,
          8.8493396299537181e+00, 1.1918414753214229e+01,
          1.4558039519521989e+01, -9.6025496143820988e-01,
          -7.2492985885494354e-01, -4.7657658055638163e-01,
          -2.2413595738029379e-01, -3.0526795842250984e+00,
          -1.5202183520208301e+00, 1.0210228303797375e-01,
          1.7495334697124683e+00, 3.2405042081300026e+00,
          -1.2630611048712160e+01, -1.0910749051018332e+01,
          -8.7566168922418850e+00, -6.9084777586616610e+00,
          -8.7291987861703699e+00, -1.0758225575510027e+01,
          5.0560035258131544e+00, 6.7210528178638063e+00,
          8.9213818905766153e+00, 1.0919745904206177e+01,
          9.1633531621834994e+00, 7.0719966889260331e+00,
          -3.6075325426396736e+00, -2.6091621108873815e+00,
          -1.2340686400009868e+00, 6.5667158730026332e-01,
          2.5307816837027088e+00, 4.1728963221675324e+00,
          5.5079925742197986e+00, 4.2075056874828514e+00,
          2.7021482516479698e+00, 9.9773372417528439e-01,
          -6.3750878615164064e-01, -2.1942503793923347e+00,
          -4.4991142487548652e-01, 8.1709604182977391e-01,
          2.1139529952781877e+00, 1.9181147024553273e+00,
          7.8933109556667258e-01, -3.0003675998439139e-01,
          -6.2271237337917231e+00, -8.8975194692610771e-01,
          4.4422917493953937e+00, 9.4141079969249244e+00,
          1.3766088964831408e+01, 1.7436555830040287e+01,
          2.0131705544559363e+01, 2.1736792756596909e+01,
          2.1669939282596928e+01, 2.1118427980527329e+01,
          1.9041336921560731e+01, 1.6114492249969366e+01,
          1.2381252740027493e+01, 7.9285160201517648e+00,
          2.7889429755748507e+00, -2.6870727160029948e+00,
          -8.1439348918960857e+00, -1.4148543330485998e+01,
          -1.6405734399656914e+01, -1.7445633604783339e+01,
          -1.7497812492416365e+01, -1.6925556884792222e+01,
          -1.7909900443410034e+01, -1.9065251874943186e+01,
          -1.9609474934543957e+01, -1.9190228245583455e+01,
          -1.7437517273481891e+01, -1.1256835686657253e+01,
          -8.6151196854833394e+00, -5.9980698904641345e+00,
          -3.3689415851717328e+00, 1.4489991147716967e+00,
          1.7484814186807260e+00, 1.7159626857701433e+00,
          1.4711492459611279e+00, 8.9359447840129436e-01,
          -9.7640554353642504e+00, -1.0984675774159077e+01,
          -1.1208035835167541e+01, -1.0314562362585217e+01,
          -9.4970213277048199e+00, -9.2501482934634431e+00,
          -1.1436567081463865e+01, -1.2751846152206999e+01,
          -1.2972115798359559e+01, -1.2129693116194183e+01,
          -1.1183802612421443e+01, -1.1017058577733875e+01,
          1.0550334527353044e+01, 8.3597759923509951e+00,
          6.4628199873740577e+00, 6.3092299502938385e+00,
          6.0914264619567824e+00, 7.6646993681671489e+00,
          9.5893105845635151e+00, 1.0362595162270839e+01,
          1.0782519045368190e+01, 1.0900441282036260e+01,
          1.1110271436951891e+01, 1.1037199817620529e+01,
          8.8500028977109579e+00, 8.2488413296458720e+00,
          8.5501494470557038e+00, 8.3471970859068243e+00,
          8.2374580826913615e+00, 8.6292926262007033e+00,
          2.1094964788916407e+01, 2.0493420114562305e+01,
          2.0343693710313200e+01, 1.8440090160691266e+01,
          1.3525005701661032e+01, 8.0084844169259988e+00,
          3.4289161828090027e+00, -6.9342410035843671e-01,
          -4.3040413421793922e+00, -8.5521190372282652e-01,
          3.3583063595768348e+00, 7.9262644471300590e+00,
          1.3441283964876206e+01, 1.8535899146695250e+01,
          2.0600296598118575e+01, 2.0961523465840614e+01,
          2.1491435102666003e+01, 2.6597516079750888e-02,
          -1.6157148125148277e+00, -2.9327493182085491e+00,
          -4.2937053880340672e+00, -5.6405251492886288e+00,
          -5.1999743908525806e+00, -3.8669999426039969e+00,
          -2.5204393339340694e+00, -1.2089623933256617e+00,
          4.3812245969206809e-01, -5.1409103158656926e+00,
          -7.8421230353102853e+00, -1.0604514063355442e+01,
          -1.3169036008547142e+01, -6.3440889582834723e+00,
          -7.1941107805915303e+00, -7.9380214505659987e+00,
          -7.0925618708625109e+00, -6.3877420221060914e+00,
          -1.1764501078752145e+00, -1.1383783582835347e+00,
          -1.0126820736373638e+00, -9.8629036137512505e-01,
          -1.3243112799976255e+00, -1.2557899546418285e+00,
          -5.6395921054716114e-01, -7.7537364953703469e-01,
          -8.5281415779484415e-01, -7.9006823124735892e-01,
          -8.6248234869743556e-01, -8.9713459126894657e-01,
          -2.9733849759570199e+00, -5.1173793333032949e+00,
          -6.7570577999160975e+00, -8.4651991018649007e+00,
          -6.7007581377938736e+00, -5.0794029491048072e+00,
          -2.8599241587600979e+00, -3.9683696759228124e+00,
          -5.3180633048639141e+00, -6.6099464588060490e+00,
          -5.3169062482789702e+00, -3.9055752539179092e+00,
          -5.0973417100365879e+00, -7.0490414773888412e+00,
          -5.1263900497020876e+00, -4.6147447721504298e+00,
          -6.1518514796521213e+00, -4.5222648948620652e+00 ]
   - !!opencv-matrix
      rows: 198
      cols: 1
      dt: d
      data: [ -2.0004983155355273e+01, -1.9449407051866530e+01,
          -1.8573009484590788e+01, -1.7376185331812721e+01,
          -1.5587282467661430e+01, -1.2660959300455630e+01,
          -8.6426388108543897e+00, -3.8614832686268779e+00,
          1.4714385303022379e+00, 6.7121466938644980e+00,
          1.1127669215818759e+01, 1.4735092054828488e+01,
          1.7214341384362175e+01, 1.8445436202913811e+01,
          1.8965459297847143e+01, 1.9106219272345008e+01,
          1.8919729225823829e+01, -1.6892433238809648e+01,
          -1.4660296867973228e+01, -1.1662922722139959e+01,
          -8.5348563193220386e+00, -5.5250309161431748e+00,
          3.2288558536398773e+00, 6.0453929336264718e+00,
          9.0964968313419643e+00, 1.2195357343112381e+01,
          1.4771954296137205e+01, -8.2227989380072308e-01,
          -5.9879394146041143e-01, -3.6972470920339917e-01,
          -1.4326858927088942e-01, -3.0259663283889471e+00,
          -1.5156199836695419e+00, 9.2050187578592180e-02,
          1.6862345400405185e+00, 3.1322818744716421e+00,
          -1.2644633506332351e+01, -1.0865102878873408e+01,
          -8.5617367064092935e+00, -6.6660927296154453e+00,
          -8.5768237172247517e+00, -1.0699814492366114e+01,
          5.1326596145714101e+00, 6.8187268973835815e+00,
          9.1443479415773385e+00, 1.1160096490901413e+01,
          9.3386014310181409e+00, 7.1881997862827136e+00,
          -4.4565485717369482e+00, -3.0788354043409969e+00,
          -1.4388246164307779e+00, 5.1207046114410648e-01,
          2.4256859491240625e+00, 4.2376195972828672e+00,
          5.8387427994677692e+00, 4.6109711488506591e+00,
          2.9105925977435234e+00, 8.5018798564723830e-01,
          -1.2045819484866014e+00, -3.0381685323489527e+00,
          -8.8450386170614959e-01, 6.4439488388171595e-01,
          2.1678924295234361e+00, 2.1152986900443382e+00,
          6.3868612956694104e-01, -8.5327712352819440e-01,
