%YAML:1.0
description: "3"
samples:
   - !!opencv-matrix
      rows: 198
      cols: 1
      dt: d
      data: [ -1.9898507206840399e+01, -1.9084387136330960e+01,
          -1.7836831332770213e+01, -1.6348788236135018e+01,
          -1.4280505121229810e+01, -1.1383272618285615e+01,
          -7.7121555670141948e+00, -3.3273187256822681e+00,
          1.6738244695645956e+00, 6.4390686471617418e+00,
          1.0325867111712787e+01, 1.3523106227288439e+01,
          1.5866725206030949e+01, 1.7230680480132328e+01,
          1.8055117318865861e+01, 1.8742451619299267e+01,
          1.9087138968416333e+01, -1.7272979537657442e+01,
          -1.5154877969969004e+01, -1.2398176343074120e+01,
          -9.5074808761527851e+00, -6.6868930573709431e+00,
          3.3244122964372851e+00, 6.4523912636217675e+00,
          9.7369016805768727e+00, 1.3001187887949028e+01,
          1.5655116097004212e+01, -1.3670719745654039e+00,
          -1.1492739971947539e+00, -9.1547064721059257e-01,
          -6.5446935604724510e-01, -3.9045398715583151e+00,
          -2.1460949848758513e+00, -2.7475079657791140e-01,
          1.7492234746521129e+00, 3.5747061684048762e+00,
          -1.3107419989546251e+01, -1.1247221106538138e+01,
          -8.8086609434925638e+00, -6.8397603162846705e+00,
          -8.8865908339692616e+00, -1.1096079126863094e+01,
          5.3848788690126144e+00, 7.1800576613658365e+00,
          9.6434229469018007e+00, 1.1781231966884869e+01,
          9.8438916367641642e+00, 7.5766252203977906e+00,
          -5.0870746295100515e+00, -3.4625044847736839e+00,
          -1.5770533190121843e+00, 5.7567065108645354e-01,
          2.7876955939698163e+00, 4.9896629968259116e+00,
          7.0914141211220620e+00, 5.3875292795626875e+00,
          3.3301654064621253e+00, 1.0536491608383034e+00,
          -1.1830105410747855e+00, -3.3264859127298667e+00,
          -1.3687646600099710e+00, 7.4071343543752322e-01,
          2.9786052282343141e+00, 2.8908168015677909e+00,
          7.3990809536913460e-01, -1.3145754166289771e+00,
          -4.5817539038246098e+00, 1.7086994620382712e-01,
          4.8763177475261461e+00, 9.2827901197212590e+00,
          1.3140231173464636e+01, 1.6547960936735965e+01,
          1.9429794910555920e+01, 2.1412494985076684e+01,
          2.1444041944350328e+01, 2.0812199580974099e+01,
          1.8462581013641639e+01, 1.5403475281675041e+01,
          1.1846188213356342e+01, 7.6995000078803129e+00,
          2.8968177047869266e+00, -2.2241296017047461e+00,
          -7.3382499614053280e+00, -1.4823967881470038e+01,
          -1.6872173965241725e+01, -1.7853128337496020e+01,
          -1.8043706913454105e+01, -1.7704772359186244e+01,
          -1.8424530596540389e+01, -1.9407432356342945e+01,
          -1.9763836187936342e+01, -1.9057059758539232e+01,
          -1.7018987078569001e+01, -1.1771639471480087e+01,
          -8.6749173128107504e+00, -5.6142457938145176e+00,
          -2.5422977961181683e+00, 2.2786458765609381e+00,
          2.7865042917364260e+00, 2.8293542655424235e+00,
          2.4434455543389109e+00, 1.6083023922660893e+00,
          -1.0609222561219536e+01, -1.2168990070949997e+01,
          -1.2270637035760293e+01, -1.0942446735823555e+01,
          -1.0227790072374022e+01, -9.9818803110016461e+00,
          -1.2035047919765184e+01, -1.3708836809948576e+01,
          -1.3893107151669216e+01, -1.2691221041671021e+01,
          -1.1777544829542766e+01, -1.1645764077931782e+01,
          1.0329132029093239e+01, 8.6109364834110806e+00,
          7.2367192121546040e+00, 7.1936894939234373e+00,
          6.8208921562052414e+00, 7.8010518168322207e+00,
          9.0727195181480376e+00, 1.0474956482335831e+01,
          1.1373236701472329e+01, 1.1709847180779569e+01,
          1.1867703266518099e+01, 1.1430245772996340e+01,
          9.3889085631080569e+00, 8.9664277392614977e+00,
          8.9015088228518380e+00, 8.8452860014755963e+00,
          8.9712003310807837e+00, 9.3034596320673479e+00,
          2.1100043044841030e+01, 2.0379406561187444e+01,
          2.0213322557877870e+01, 1.8363709435181864e+01,
          1.3543867685443114e+01, 8.0971833484488744e+00,
          3.3966837602574373e+00, -7.9407170904174518e-01,
          -4.1011355823915334e+00, -8.9226701987059942e-01,
          3.4716975480682741e+00, 8.2341002752186458e+00,
          1.3771707624890238e+01, 1.8742613881424212e+01,
          2.0745435725671609e+01, 2.1076549320161696e+01,
          2.1757348493760610e+01, 3.2454465526929760e-01,
          -1.3954112368640816e+00, -2.8295017838970220e+00,
          -4.2253581033167213e+00, -5.5463142762237609e+00,
          -5.3150003897738269e+00, -3.9975760900720272e+00,
          -2.5816871203432221e+00, -1.1711895610517371e+00,
          5.0551154777170426e-01, -4.9578581137367905e+00,
          -7.8252081287161062e+00, -1.0779926299590212e+01,
          -1.3438410012283411e+01, -6.7243591844909707e+00,
          -7.5115583949341715e+00, -8.1526307114650542e+00,
          -7.5200721726536042e+00, -6.8082795216814178e+00,
          -7.3666147332172449e-01, -8.6466481120852712e-01,
          -1.0132635633561837e+00, -1.0504831767869238e+00,
          -1.1696107885508220e+00, -1.0768496361236997e+00,
          -1.0059572883030872e+00, -9.3570722544248619e-01,
          -6.2856744015344457e-01, -3.4365427522546177e-01,
          -8.0714653081293430e-01, -1.0026437738236471e+00,
          -2.7939413632652412e+00, -5.0746564695238208e+00,
          -6.7770498424924330e+00, -8.6355137365258425e+00,
          -6.7190624576012947e+00, -5.0138756544923879e+00,
          -2.7552044577077512e+00, -3.9640746807609131e+00,
          -5.1789058069091620e+00, -6.4419921720536477e+00,
          -5.1979968518367423e+00, -3.9667112430548954e+00,
          -5.2591214825378882e+00, -7.5695630731987196e+00,
          -5.4832537989152756e+00, -4.7449259785975766e+00,
          -6.3714573539718566e+00, -4.5732835960653322e+00 ]
   - !!opencv-matrix
      rows: 198
      cols: 1
      dt: d
      data: [ -2.0087492127455132e+01, -1.9330442062891542e+01,
          -1.8150667728480460e+01, -1.6674442758430590e+01,
          -1.4567235434283011e+01, -1.1586351308115082e+01,
          -7.8352787364474876e+00, -3.4638781303419592e+00,
          1.4423225050392618e+00, 6.2211078574190992e+00,
          1.0247235142014016e+01, 1.3637117446379236e+01,
          1.6151841724189392e+01, 1.7606716519056093e+01,
          1.8433670647132548e+01, 1.9040239140596292e+01,
          1.9285764055012667e+01, -1.7615570319134022e+01,
          -1.5466404426947452e+01, -1.2538076696513514e+01,
          -9.4363089087583685e+00, -6.4257205187290936e+00,
          3.0195527678999654e+00, 6.2566214805837115e+00,
          9.6866348654789860e+00, 1.3082287526159330e+01,
          1.5776852745045339e+01, -1.2227238289413329e+00,
          -9.7794570395552927e-01, -7.2207380920895858e-01,
          -4.4615806878742831e-01, -3.6273621915709779e+00,
          -1.8986490932555646e+00, -9.4981799060419730e-02,
          1.8191914565498855e+00, 3.5842447329681200e+00,
          -1.3457031782825590e+01, -1.1460532079933060e+01,
          -8.7005364037860264e+00, -6.5388542295699157e+00,
          -8.7740818322915342e+00, -1.1232734553812422e+01,
          5.0488506541645730e+00, 6.9737052334029457e+00,
          9.7439143906888130e+00, 1.2059879530878634e+01,
          9.9681435832364755e+00, 7.4590241060224098e+00,
          -5.7283962406589470e+00, -3.8987165626977269e+00,
          -1.7911061079435617e+00, 6.1941908317566052e-01,
          3.0684708837812940e+00, 5.4607787717961616e+00,
          7.7086046623051239e+00, 5.8818724747646733e+00,
          3.5969020987060865e+00, 1.0651010579013565e+00,
          -1.4261915613630081e+00, -3.7985526074467670e+00,
          -1.7622219219856698e+00, 7.7244428364717566e-01,
          3.3927375354991853e+00, 3.3693686953457154e+00,
          7.8762268240268729e-01, -1.7266975072267230e+00,
