%YAML:1.0
description: "3"
samples:
   - !!opencv-matrix
      rows: 198
      cols: 1
      dt: d
      data: [ -2.0684726548590479e+01, -2.0240280263479708e+01,
          -1.9475827362874210e+01, -1.8203443378970949e+01,
          -1.5981852867040681e+01, -1.2552173130592791e+01,
          -8.2507607214034646e+00, -3.4316543848546779e+00,
          1.8367425853076880e+00, 6.9455677070605164e+00,
          1.1485940582485799e+01, 1.5362771887010641e+01,
          1.8042982996311135e+01, 1.9200160028227451e+01,
          1.9527506484920131e+01, 1.9508386511914750e+01,
          1.9241540418868841e+01, -1.5534066451898205e+01,
          -1.3290951822369525e+01, -1.0757657649572401e+01,
          -8.1992971612145986e+00, -5.7272103181803793e+00,
          3.5747090386224163e+00, 6.2068315858719316e+00,
          8.9518886710636085e+00, 1.1677952327345494e+01,
          1.4065317544953016e+01, -9.9355977962658237e-01,
          -7.2059136357888964e-01, -4.4587656575846779e-01,
          -1.7469916819435921e-01, -3.7949538463777643e+00,
          -1.9593839979024630e+00, -5.3338582105932508e-02,
          1.8549600958878492e+00, 3.6549866366046131e+00,
          -1.2755617584818582e+01, -1.1017580134297768e+01,
          -8.9868193722752494e+00, -7.1992895451698757e+00,
          -9.0050076004324833e+00, -1.0931576000491773e+01,
          5.5299826510810046e+00, 7.2522953861241763e+00,
          9.3255472917600706e+00, 1.1228686522185100e+01,
          9.4268028130658532e+00, 7.4561350967001143e+00,
          -7.8801207811327476e+00, -5.5995732955145314e+00,
          -2.7855766784270792e+00, 2.9185802055786553e-01,
          3.3519317417783907e+00, 6.3513993768449275e+00,
          8.9622704050865583e+00, 6.9023917715645222e+00,
          4.0754080414029810e+00, 7.4046928442015303e-01,
          -2.6371371117979341e+00, -5.6180358036292910e+00,
          -3.5432367010494117e+00, 3.7287898603864206e-01,
          4.2816774543978333e+00, 4.5552450561493263e+00,
          5.4002237812042042e-01, -3.5465231339403593e+00,
          -5.3457703777278329e+00, -2.5107890418783591e-01,
          4.8111172156395812e+00, 9.6593662990002311e+00,
          1.4125949281258546e+01, 1.7806113470085378e+01,
          2.0576886574485371e+01, 2.2515058273991549e+01,
          2.2816697491639736e+01, 2.1883213721862191e+01,
          1.9520103559825539e+01, 1.6291607581199255e+01,
          1.2109806118865851e+01, 7.1177036918734693e+00,
          1.7481439196031263e+00, -3.7713332240918302e+00,
          -9.2661127885964927e+00, -1.4642786795941426e+01,
          -1.5987407741483977e+01, -1.6529075276672980e+01,
          -1.6574260599622534e+01, -1.6136675292851837e+01,
          -1.7090114436961137e+01, -1.7889887774343954e+01,
          -1.8153698614836784e+01, -1.7687666591327186e+01,
          -1.6299699175921521e+01, -1.0730859271935010e+01,
          -8.1089812705660336e+00, -5.5219637178455363e+00,
          -2.9516943105987083e+00, 6.5195835630210630e-01,
          1.0838692938756289e+00, 1.1879279044979232e+00,
          7.8345634164895905e-01, 7.2681011571681053e-02,
          -9.6026911981829439e+00, -1.0597693351514174e+01,
          -1.0762505001117782e+01, -1.0106385486141098e+01,
          -9.5478199791128340e+00, -9.3377980047306490e+00,
          -1.1107160282736206e+01, -1.2089738068694228e+01,
          -1.2187720317722954e+01, -1.1476035729611903e+01,
          -1.0961770076567015e+01, -1.0855927920493853e+01,
          8.4141912510271180e+00, 6.5111514186058930e+00,
          5.2902056315250015e+00, 5.1721893142999349e+00,
          4.8247603214055470e+00, 5.6246305532119232e+00,
          7.1084731173660103e+00, 9.5991291255037687e+00,
          1.1288127984058736e+01, 1.1908909678586481e+01,
          1.1808806336042480e+01, 1.0559750444718532e+01,
          7.1525823573824967e+00, 6.7881278894867361e+00,
          6.5557819762881904e+00, 8.9409096017639111e+00,
          9.7207085658209316e+00, 9.5423575571254560e+00,
          2.1168290926694230e+01, 2.0697481143316846e+01,
          2.0361346638960416e+01, 1.7963897277610918e+01,
          1.3515064130919633e+01, 7.8939330131986276e+00,
          3.0525252018120232e+00, -1.0178508530036556e+00,
          -4.5274994624630018e+00, -8.9096756924949616e-01,
          3.2194131696129702e+00, 8.1312245504330267e+00,
          1.3833034303635422e+01, 1.8473930358295924e+01,
          2.0791406420179843e+01, 2.1203761140678928e+01,
          2.1768512625608267e+01, 4.8618421860068997e-02,
          -1.4129388613303768e+00, -2.8663493865110068e+00,
          -4.2612680495097957e+00, -5.5827819583747589e+00,
          -5.4578644732546735e+00, -4.1852779688415884e+00,
          -2.8035111295150283e+00, -1.3627636166097128e+00,
          1.9006600505379162e-01, -4.9703876435382801e+00,
          -7.6121688625442507e+00, -1.0528966128804182e+01,
          -1.3456487259130446e+01, -6.4215065971371823e+00,
          -7.2216453991538652e+00, -7.9457139778013675e+00,
          -7.2135564981967306e+00, -6.3709130220715151e+00,
          -7.5826378597084032e-01, -9.8317871784137878e-01,
          -1.2339383452422390e+00, -1.1480457356107650e+00,
          -1.1074864914657436e+00, -1.0603656619108164e+00,
          -1.0076855523914965e+00, -1.1468135350442754e+00,
          -9.1522158049044700e-01, -7.0586044783872615e-01,
          -9.6963580768424829e-01, -1.0132098364009579e+00,
          -2.7681824886292441e+00, -4.6944609587307173e+00,
          -6.3757978985415056e+00, -8.1043925928032952e+00,
          -6.4482247223761027e+00, -4.7036214266572198e+00,
          -2.6467227638163915e+00, -3.9516588569516555e+00,
          -5.2394838392366232e+00, -6.4929889611165335e+00,
          -5.2498894652601598e+00, -4.0720626668157855e+00,
          -5.1316386958548827e+00, -7.6579915995791543e+00,
          -5.1931391275726506e+00, -4.5025739626107759e+00,
          -6.4379416077742109e+00, -4.4815008627979074e+00 ]
   - !!opencv-matrix
      rows: 198
      cols: 1
      dt: d
      data: [ -2.0968946700890196e+01, -2.0525532215197046e+01,
          -1.9722744197342585e+01, -1.8360742151803894e+01,
          -1.6048213083708490e+01, -1.2599070133721266e+01,
          -8.3099777739627712e+00, -3.4984698903931029e+00,
          1.7411332941722384e+00, 6.8333145172460368e+00,
          1.1445620256516882e+01, 1.5439252487555397e+01,
          1.8219519458821768e+01, 1.9418240070861120e+01,
          1.9814574088215487e+01, 1.9874964437160482e+01,
          1.9683004912162755e+01, -1.6160677369967832e+01,
          -1.3952027488278517e+01, -1.1279157404360566e+01,
          -8.5511528003631714e+00, -5.9150252376436363e+00,
          3.4557292312678722e+00, 6.3686699783496845e+00,
          9.4107227792231676e+00, 1.2432439117535452e+01,
          1.4955631366919658e+01, -1.1735230699686261e+00,
          -8.6235401267618472e-01, -5.4159858133612349e-01,
          -2.2081843362066994e-01, -3.4528004351206736e+00,
          -1.8272741842807116e+00, -1.5716939540937458e-01,
          1.5825797694353800e+00, 3.2424131816968766e+00,
          -1.2926428866241306e+01, -1.1227452212631343e+01,
          -9.1107142491820809e+00, -7.2455635466944228e+00,
          -9.0409134808646634e+00, -1.1032823420376257e+01,
          5.5326569895989861e+00, 7.3362803383335322e+00,
          9.5357547092805817e+00, 1.1489682099172240e+01,
          9.6139239168918422e+00, 7.5361245927244731e+00,
          -6.7091470029394760e+00, -4.6726665546048149e+00,
          -2.2883956103059075e+00, 3.7089449068097252e-01,
          3.0240375138772202e+00, 5.6470376447458515e+00,
          8.0747042120676031e+00, 6.0172678915747042e+00,
          3.4399757814892507e+00, 6.7672995028527605e-01,
          -2.0483874776274260e+00, -4.6392278260182689e+00,
          -2.4800872732431216e+00, 4.5444247201100307e-01,
          3.3891140879299400e+00, 3.3881403590092320e+00,
          4.3019884666469260e-01, -2.5208430089399978e+00,
