%YAML:1.0
description: "3"
samples:
   - !!opencv-matrix
      rows: 198
      cols: 1
      dt: d
      data: [ -1.9632524339814996e+01, -1.8906140939679482e+01,
          -1.7888028161732539e+01, -1.6516927791211792e+01,
          -1.4448676427291707e+01, -1.1408193839923509e+01,
          -7.6111834249849171e+00, -3.2542858960966328e+00,
          1.7457902459136410e+00, 6.5935423473823889e+00,
          1.0505936900185047e+01, 1.3683262676231475e+01,
          1.6038887417539051e+01, 1.7443986588631820e+01,
          1.8096866391700210e+01, 1.8350095094706965e+01,
          1.8281789253452239e+01, -1.6812204761404239e+01,
          -1.4558723448858373e+01, -1.1579066918748410e+01,
          -8.4120385271433129e+00, -5.3259113249182226e+00,
          2.7542544160102738e+00, 5.5946419551645894e+00,
          8.6190388491339789e+00, 1.1609439169011857e+01,
          1.4088688651144031e+01, -6.3745016044613501e-01,
          -4.0817196841871917e-01, -1.8605250387894132e-01,
          3.4374703832668899e-02, -3.7106878762982562e+00,
          -1.7466651782306295e+00, 3.1449722994302243e-01,
          2.2830023415323546e+00, 4.0927828660775907e+00,
          -1.2415693969608160e+01, -1.0522752656788391e+01,
          -8.2527095427297255e+00, -6.3036609327699145e+00,
          -8.3360661988122295e+00, -1.0426324313627306e+01,
          4.6649156857721836e+00, 6.4509509356952961e+00,
          8.6885817425343532e+00, 1.0687571813859172e+01,
          8.7783986503196108e+00, 6.7048878812580206e+00,
          -7.8579626842305554e+00, -5.7461326338454306e+00,
          -2.8512472815530008e+00, 4.5470588580756099e-01,
          3.7107498045761980e+00, 6.7265471978134546e+00,
          9.0428373139706828e+00, 7.5001987947925226e+00,
          4.8184108995686685e+00, 1.1404455404179288e+00,
          -2.6860834290992859e+00, -5.7438749886458078e+00,
          -3.5614713060935390e+00, 5.8825833052937915e-01,
          4.7260949405036259e+00, 5.2122538307058326e+00,
          9.6758738681423595e-01, -3.4425142826374771e+00,
          -5.7728781990693356e+00, -6.1386321703793212e-01,
          4.5114662518052668e+00, 9.4334459841536429e+00,
          1.3874323597601018e+01, 1.7634287386422017e+01,
          2.0699654840284023e+01, 2.3005366916238010e+01,
          2.3420922076717947e+01, 2.2303445862389825e+01,
          1.9360770931262113e+01, 1.5726355768543556e+01,
          1.1576132018029401e+01, 7.0107729175323232e+00,
          2.1601226831982943e+00, -2.8268567547712449e+00,
          -7.7998573595124814e+00, -1.4361321501245577e+01,
          -1.6555811409463910e+01, -1.7641477149303807e+01,
          -1.7740539838077844e+01, -1.7124746556853545e+01,
          -1.7454921427236545e+01, -1.8432389030549977e+01,
          -1.8751683050768879e+01, -1.8179288727541710e+01,
          -1.6456177922825116e+01, -1.1543470045978351e+01,
          -8.5197231173273984e+00, -5.5188891850327355e+00,
          -2.5238406125402260e+00, 4.7926488135220763e-01,
          1.0179869242023742e+00, 1.1308498097426636e+00,
          7.4923271014322967e-01, -4.6714231487263447e-02,
          -1.0111339761440492e+01, -1.1284421485691899e+01,
          -1.1424256904425247e+01, -1.0471984320356958e+01,
          -9.9832424534924815e+00, -9.7878392452552330e+00,
          -1.1098943072846751e+01, -1.2252161111836573e+01,
          -1.2429265818774102e+01, -1.1507384263797801e+01,
          -1.0931017401092300e+01, -1.0868265786571627e+01,
          8.4213616921128764e+00, 6.2170257116419920e+00,
          4.7557637941233022e+00, 4.5515881994104896e+00,
          4.3285070784358934e+00, 5.3922485088664107e+00,
          7.3371140591054225e+00, 1.0660686320398652e+01,
          1.3168205650045085e+01, 1.4059391371586516e+01,
          1.3652191331117876e+01, 1.1501741283351825e+01,
          6.8871468449309754e+00, 6.3291931801296144e+00,
          6.3429172778860927e+00, 1.0201269340772383e+01,
          1.1344479234833475e+01, 1.0769475517603659e+01,
          2.1353718113256068e+01, 2.0810403869335456e+01,
          2.0403013432578827e+01, 1.8310674008154344e+01,
          1.3573346797222108e+01, 8.1020234528830812e+00,
          3.1228279724471220e+00, -9.6881881947307236e-01,
          -4.5267587026313274e+00, -9.4274355667454279e-01,
          3.2009038529843630e+00, 8.2175472998067622e+00,
          1.3713260258595021e+01, 1.8380381572770876e+01,
          2.0510430125067828e+01, 2.0854203591256443e+01,
          2.1388873434996988e+01, 2.4489056878835744e-01,
          -1.4524249471541846e+00, -2.8815525520701839e+00,
          -4.2402467789665703e+00, -5.4833086428500852e+00,
          -5.4990107326853730e+00, -4.1772080059472598e+00,
          -2.7730153077248247e+00, -1.3027591806685890e+00,
          4.2781071125447168e-01, -4.9475454381309554e+00,
          -7.7783834715540028e+00, -1.0681085271458775e+01,
          -1.3428124466222659e+01, -6.5936720900637615e+00,
          -7.3039809206575077e+00, -7.9604392974013916e+00,
          -7.2817750493199789e+00, -6.5271580324060769e+00,
          -7.4648779931657505e-01, -9.5481624723777414e-01,
          -1.2382002237996899e+00, -1.0506921607360828e+00,
          -1.0495776573295756e+00, -1.0307264191255172e+00,
          -1.0310698805345369e+00, -1.1674958639125594e+00,
          -8.5750563405088931e-01, -6.0948213149555652e-01,
          -9.3906834310383924e-01, -9.8645348358750617e-01,
          -2.6007580398643890e+00, -4.7606125987473211e+00,
          -6.4020390873489355e+00, -8.2484268611543268e+00,
          -6.3143013841106024e+00, -4.6527832013330768e+00,
          -2.5384427942259498e+00, -4.0158224054744727e+00,
          -5.2651269345961085e+00, -6.7118836431840281e+00,
          -5.3194238709150197e+00, -4.0984787740981830e+00,
          -5.1509717798914494e+00, -7.7497173661973768e+00,
          -5.0502387744670250e+00, -4.4208371938629361e+00,
          -6.4086770057955675e+00, -4.4940687991870458e+00 ]
