%YAML:1.0
description: "4"
samples:
   - !!opencv-matrix
      rows: 198
      cols: 1
      dt: d
      data: [ -1.8830586290156017e+01, -1.8073724763658692e+01,
          -1.7041117162977471e+01, -1.5704407735791218e+01,
          -1.3855198631263331e+01, -1.1203607395468319e+01,
          -7.8306390430761983e+00, -3.7974626989216573e+00,
          9.9358182661493233e-01, 5.9335641056036437e+00,
          9.7638519138904023e+00, 1.2827112921869336e+01,
          1.5220495691286059e+01, 1.6798391623749858e+01,
          1.7634467760536605e+01, 1.7939793653469746e+01,
          1.7821971267615240e+01, -1.6194023443473629e+01,
          -1.4423981824830502e+01, -1.1783202561557907e+01,
          -8.8481987105343585e+00, -5.9306180878495782e+00,
          3.3398825297796675e+00, 5.7688604869597162e+00,
          8.3810598650720536e+00, 1.0965258889923136e+01,
          1.3119771754222391e+01, -3.2876392389727144e-01,
          -9.6755789113436186e-02, 1.2792559557966365e-01,
          3.3138201173643855e-01, -2.6826887543741860e+00,
          -1.0582552099270415e+00, 6.1127842122600440e-01,
          2.1228701118523459e+00, 3.5719450208371688e+00,
          -1.1560915194168173e+01, -9.9336217664138609e+00,
          -7.6932990186043346e+00, -5.8836243491382776e+00,
          -7.6835931041028331e+00, -9.7011614792046750e+00,
          4.4480203777153760e+00, 5.9925833784990719e+00,
          8.2147369702819475e+00, 1.0047484298873680e+01,
          8.3721534942103091e+00, 6.3615611755784682e+00,
          -6.7445219787285788e+00, -5.0384170371301034e+00,
          -2.5273751782643474e+00, 5.7000044531999594e-01,
          3.5741135462474034e+00, 6.1464187378642015e+00,
          7.9044035909027714e+00, 6.7162065816926466e+00,
          4.4264875334805351e+00, 1.0544351972704706e+00,
          -2.3957541857796052e+00, -5.0305780088869287e+00,
          -2.8517130335094745e+00, 6.6000120667993056e-01,
          4.0632590025793203e+00, 4.4580070067198232e+00,
          9.8138668287460828e-01, -2.7320688211887050e+00,
          -5.6210987901925291e+00, -5.9096900992843704e-01,
          4.4023880030688494e+00, 9.2866235751114719e+00,
          1.3854096461261149e+01, 1.7904851595602537e+01,
          2.1397104387609360e+01, 2.4119255571525084e+01,
          2.4890362748658575e+01, 2.3575147913535943e+01,
          2.0158854507637784e+01, 1.6062763418563055e+01,
          1.1579367027978686e+01, 6.7867996215254101e+00,
          1.8215781934074673e+00, -3.1994256785609680e+00,
          -8.2451773012154828e+00, -1.4248519570198104e+01,
          -1.6583642822765029e+01, -1.7891252894064461e+01,
          -1.8153417811691320e+01, -1.7714729821713391e+01,
          -1.8337651719062244e+01, -1.9279304517487152e+01,
          -1.9600675471160024e+01, -1.9169329742357032e+01,
          -1.7737503500203015e+01, -1.1521097285724185e+01,
          -8.7420445870186771e+00, -5.9705168449290813e+00,
          -3.2043888691792826e+00, 1.6731805544302958e-01,
          4.1882073480386373e-01, 4.5742736991987010e-01,
          2.2429179821204548e-01, -2.2839400015209604e-01,
          -1.0096855997701343e+01, -1.1583737690867220e+01,
          -1.1789303029027932e+01, -1.0586607638433819e+01,
          -9.6405318176210848e+00, -9.4224417486481666e+00,
          -1.1362535160970172e+01, -1.2845175932008027e+01,
          -1.3090439621157660e+01, -1.1888488763378882e+01,
          -1.0840656641462857e+01, -1.0736676194590975e+01,
          8.9048892803506998e+00, 6.5289472808102875e+00,
          4.7465757064217389e+00, 4.5710938009479776e+00,
          4.3738461717881938e+00, 5.8535646753393200e+00,
          8.0807399311476402e+00, 1.1296245621222292e+01,
          1.3815304582368896e+01, 1.4745196063729578e+01,
          1.4170492513010194e+01, 1.1947781503407503e+01,
          7.0654162312514401e+00, 6.5284018843230562e+00,
          6.6859852143225300e+00, 1.0632626462906376e+01,
          1.1801696838538927e+01, 1.1066860985527267e+01,
          2.1155461187816815e+01, 2.0680882328767588e+01,
          2.0203923793066011e+01, 1.8296670073700984e+01,
          1.3518759011480803e+01, 8.1066914132418866e+00,
          3.1169267219215007e+00, -9.0902146560051367e-01,
          -4.6492606761676436e+00, -9.3352128092410458e-01,
          3.1113812515991075e+00, 8.0956078427909048e+00,
          1.3511809952883315e+01, 1.8214282740866512e+01,
          2.0270125069203569e+01, 2.0777544966608357e+01,
          2.1115846574151856e+01, 3.2600756135654163e-01,
          -1.5811654981309169e+00, -2.9505786529688600e+00,
          -4.2430856488116229e+00, -5.3888323939286922e+00,
          -5.4307711799118756e+00, -4.1448508283536718e+00,
          -2.7464137482101645e+00, -1.2453090886423119e+00,
          5.5454952833816218e-01, -4.8986894680379311e+00,
          -7.7808136762282727e+00, -1.0607375869691062e+01,
          -1.3208783828686034e+01, -6.3844345164425604e+00,
          -7.1526466922247058e+00, -7.9172686211935082e+00,
          -7.1286291582119752e+00, -6.4044359043368448e+00,
          -8.1445718655353860e-01, -1.0548793437072026e+00,
          -1.3229261042432463e+00, -1.0118006795861751e+00,
          -1.0897129854640111e+00, -1.0093458719585426e+00,
          -7.7813698963147848e-01, -1.1737341070930609e+00,
          -9.2680229842634598e-01, -7.1340562510760530e-01,
          -8.6266516330849030e-01, -8.8050902779611295e-01,
          -2.5687752091938090e+00, -4.8726303546306733e+00,
          -6.4775327742560833e+00, -8.2420353616992745e+00,
          -6.4308504058085036e+00, -4.7780642970124312e+00,
          -2.4243212349136956e+00, -4.1473324346514326e+00,
          -5.3664319482954284e+00, -6.8723238908610140e+00,
          -5.3646542287426895e+00, -4.0390305537841051e+00,
          -4.9697029539874160e+00, -7.4290400228115026e+00,
          -4.8191477263006943e+00, -4.3356996633248288e+00,
          -6.1798328762052739e+00, -4.3946909667929255e+00 ]
