%YAML:1.0
description: "4"
samples:
   - !!opencv-matrix
      rows: 198
      cols: 1
      dt: d
      data: [ -2.1255798419939989e+01, -2.0605987325421253e+01,
          -1.9713154932059510e+01, -1.8438197628400928e+01,
          -1.6307584878130427e+01, -1.2866035794873268e+01,
          -8.5485580600128248e+00, -3.8104522040356517e+00,
          1.2928975800316058e+00, 6.4238777442939128e+00,
          1.0932688897821938e+01, 1.4836095238186550e+01,
          1.7810921884852132e+01, 1.9462545119387190e+01,
          2.0103054611442921e+01, 2.0238930589042322e+01,
          2.0055485985776539e+01, -1.7479732085440833e+01,
          -1.5095075274309497e+01, -1.2034572496747870e+01,
          -8.7994844486275916e+00, -5.6110309275335668e+00,
          3.0034210272234083e+00, 5.9423003801901517e+00,
          9.0353999056445620e+00, 1.2114609492595312e+01,
          1.4760148502187588e+01, -5.2039280776433239e-01,
          -3.0002104637387683e-01, -9.1408988840215866e-02,
          1.1253757647663130e-01, -3.6771622238578194e+00,
          -1.6398265030033239e+00, 4.7723123905743031e-01,
          2.4568260199910394e+00, 4.3024558151593073e+00,
          -1.3289219868992269e+01, -1.1269448594625199e+01,
          -8.9693059318390151e+00, -6.8393006035771027e+00,
          -8.9811594228314622e+00, -1.1153458494935164e+01,
          5.1645734514085708e+00, 7.1423166843830694e+00,
          9.4105939867424659e+00, 1.1522894208715059e+01,
          9.4523334023572971e+00, 7.2966288507063375e+00,
          -9.0880122938858392e+00, -6.4026669985092184e+00,
          -3.0389529495970296e+00, 5.7300003725891746e-01,
          4.1093927291679799e+00, 7.5267083934933563e+00,
          1.0341207335563954e+01, 8.1518667315150424e+00,
          4.9514386029292341e+00, 1.0826610481740939e+00,
          -2.8808646419624999e+00, -6.3746312723748000e+00,
          -4.1603361559691496e+00, 6.9087266563015104e-01,
          5.4767848285734821e+00, 5.9148715980730637e+00,
          9.8009513378434776e-01, -4.1029730975225256e+00,
          -5.9838024810172872e+00, -6.9977564449559970e-01,
          4.5600916919576022e+00, 9.6423173894714047e+00,
          1.4243243861131299e+01, 1.7852215776724332e+01,
          2.0434628998794189e+01, 2.2199034679258290e+01,
          2.2527867537457411e+01, 2.1593394581991671e+01,
          1.9100031979806886e+01, 1.5807027919542671e+01,
          1.1713094597195187e+01, 6.9576691361755705e+00,
          1.9454081131358874e+00, -3.1750696235275884e+00,
          -8.2865577055721165e+00, -1.2897003862657288e+01,
          -1.5012972339158683e+01, -1.6038587767097827e+01,
          -1.6146815728278654e+01, -1.5628720116375884e+01,
          -1.5936715683326060e+01, -1.6862124838571010e+01,
          -1.7210659744875240e+01, -1.6766264134645237e+01,
          -1.5199066402849487e+01, -1.1020201304797931e+01,
          -8.2285838541784582e+00, -5.4615325811593571e+00,
          -2.7031802109431062e+00, 4.3888026764558985e-01,
          9.6463738080988726e-01, 1.1024103743421607e+00,
          6.9024319786616695e-01, -1.1115270645027281e-01,
          -9.2708413819324207e+00, -1.0324488424703361e+01,
          -1.0561523096627420e+01, -9.8867940238651268e+00,
          -9.4767944412271614e+00, -9.2335181784163556e+00,
          -1.0568366719621338e+01, -1.1477259715085685e+01,
          -1.1596088113186566e+01, -1.0835541749454920e+01,
          -1.0490559791560864e+01, -1.0460623485279113e+01,
          7.5422537630650233e+00, 5.5059360304791642e+00,
          4.3152020691071815e+00, 4.1894040648888735e+00,
          3.8536881037680946e+00, 4.5783498243351337e+00,
          6.2813668629927033e+00, 9.2263181095205216e+00,
          1.1246543753869711e+01, 1.1927595604982306e+01,
          1.1728632139444718e+01, 1.0147366851910171e+01,
          6.1571466229604610e+00, 5.8231691076766054e+00,
          5.5340997684292619e+00, 8.6952679676727360e+00,
          9.6729310812664124e+00, 9.3538433595246779e+00,
          2.1706608764561778e+01, 2.1181691523805235e+01,
          2.0766439946425940e+01, 1.8378791498945183e+01,
          1.3598131221339990e+01, 8.0551111862574896e+00,
          3.2316791146614117e+00, -9.6241114495077373e-01,
          -4.6291642114353753e+00, -8.8593829260144052e-01,
          3.3600974130881154e+00, 8.1792574247667016e+00,
          1.3711124744564692e+01, 1.8424179661284480e+01,
          2.0866736899119772e+01, 2.1225874706278226e+01,
          2.1652859817696829e+01, 3.7849048054572648e-02,
          -1.5732669063722620e+00, -3.0077541999396495e+00,
          -4.3651719642378231e+00, -5.5594226457274809e+00,
          -5.6183310770034804e+00, -4.3251156606909724e+00,
          -2.9176955204551676e+00, -1.4193108373088956e+00,
          2.2562807589680683e-01, -4.9884702269975136e+00,
          -7.8058718355754415e+00, -1.0774320654584175e+01,
          -1.3618427900632764e+01, -6.5294910932188861e+00,
          -7.3481635315631868e+00, -8.1078110052324313e+00,
          -7.3001177586586801e+00, -6.5203716363084254e+00,
          -7.6250112041585094e-01, -1.0378637335660716e+00,
          -1.3132883441174545e+00, -1.1771426424567117e+00,
          -1.0869388837886944e+00, -1.0856319474879801e+00,
          -1.0963880757273969e+00, -1.2659683850000949e+00,
          -9.6006131617993840e-01, -6.1891520599364780e-01,
          -9.6722901843631837e-01, -9.5874682555254143e-01,
          -2.7139019354210614e+00, -4.6903400782781031e+00,
          -6.3761037887422276e+00, -8.1133966659595824e+00,
          -6.2253424844832441e+00, -4.5180922201661380e+00,
          -2.5507037158003865e+00, -3.8840717158898075e+00,
          -5.1834912875049346e+00, -6.6569973231626243e+00,
          -5.2957889194267187e+00, -3.9649638476366738e+00,
          -5.4009507342742609e+00, -7.7206448504047591e+00,
          -5.2301688645247939e+00, -4.4404552819475072e+00,
          -6.4874090412647165e+00, -4.5618278112682145e+00 ]
   - !!opencv-matrix
      rows: 198
      cols: 1
      dt: d
      data: [ -2.0876931679274769e+01, -2.0281933350277633e+01,
          -1.9341657757617281e+01, -1.7918615434186531e+01,
          -1.5699649701021713e+01, -1.2418003371679934e+01,
          -8.2955617037568938e+00, -3.6322912581274331e+00,
          1.5741491209868479e+00, 6.7263648279207935e+00,
          1.1091092521575346e+01, 1.4755716916346518e+01,
          1.7430790076806364e+01, 1.8932962628993295e+01,
          1.9581707207939733e+01, 1.9712465071158089e+01,
          1.9472415871618711e+01, -1.7251430903501696e+01,
          -1.4826127970329795e+01, -1.1632303297589052e+01,
          -8.2825238114761781e+00, -5.0212870229781030e+00,
          3.0005515359563564e+00, 5.9967969933436862e+00,
          9.1711675319076953e+00, 1.2350805579056447e+01,
          1.5017003248590843e+01, -6.6650007268395040e-01,
          -4.3665641320421139e-01, -2.0813658247652284e-01,
          1.2712900479116371e-02, -3.5396826436775468e+00,
          -1.6767958508875174e+00, 2.6766914466375125e-01,
          2.1340431264120721e+00, 3.8681408601458158e+00,
          -1.3094547240139260e+01, -1.0929429376211768e+01,
          -8.3810514431013097e+00, -6.1214051457538421e+00,
          -8.4206134552178025e+00, -1.0812687821176603e+01,
          4.6258160975740923e+00, 6.7316512245821833e+00,
          9.2821092320292244e+00, 1.1593311838511642e+01,
          9.3895465191757381e+00, 6.9848104292508291e+00,
          -7.4204616479396952e+00, -5.5445673614496265e+00,
          -2.8562330982618920e+00, 3.2591067369888505e-01,
          3.4699931841653142e+00, 6.3044051923712443e+00,
          8.4076582521717071e+00, 6.7817414994633722e+00,
          4.2464615184468606e+00, 8.6598430467969778e-01,
          -2.5923923862195188e+00, -5.3948634811655483e+00,
          -3.5279143350698572e+00, 4.2696488943800603e-01,
          4.3660473908977924e+00, 4.6887899741450294e+00,
          7.1699335117575957e-01, -3.3976472076789301e+00,
