%YAML:1.0
description: "4"
samples:
   - !!opencv-matrix
      rows: 198
      cols: 1
      dt: d
      data: [ -1.8769570758733256e+01, -1.7974726667857812e+01,
          -1.6781781624652350e+01, -1.5318468543376326e+01,
          -1.3344318904393182e+01, -1.0707072179784715e+01,
          -7.3365078899431895e+00, -3.2646093628303920e+00,
          1.5418852343528791e+00, 6.1984122231765877e+00,
          9.8678850957951507e+00, 1.2818536201308342e+01,
          1.4940373974931502e+01, 1.6240948834965124e+01,
          1.7047123136798582e+01, 1.7639381566307200e+01,
          1.7874002551200878e+01, -1.6342706068573367e+01,
          -1.4305896767913708e+01, -1.1501866723434027e+01,
          -8.4809648776771098e+00, -5.5407441026579125e+00,
          2.4039168650295166e+00, 5.4590369016297293e+00,
          8.7102659745570321e+00, 1.1897549057654587e+01,
          1.4433639992543064e+01, -1.1251793290685270e+00,
          -8.7832156908886738e-01, -6.2292245728492235e-01,
          -3.5757184227432753e-01, -3.3495762784669143e+00,
          -1.7569020591691227e+00, -8.8255373037929408e-02,
          1.6576964606606253e+00, 3.2711696049845473e+00,
          -1.2590394600220055e+01, -1.0783826496099405e+01,
          -8.2450256717689197e+00, -6.3085257149731211e+00,
          -8.3387512711090714e+00, -1.0582292520881461e+01,
          4.8430228747053023e+00, 6.5575446129685524e+00,
          9.1124868412045714e+00, 1.1218736281315172e+01,
          9.3350720458940959e+00, 7.0422319836534015e+00,
          -5.1945848327685038e+00, -3.9647320274163511e+00,
          -2.0482047209665644e+00, 4.9977556272715096e-01,
          3.0849062847721656e+00, 5.3255209374671892e+00,
          7.0023879356069791e+00, 5.6528647696937755e+00,
          3.7027286564712063e+00, 1.0855652711468378e+00,
          -1.5425110265652850e+00, -3.6693590439587416e+00,
          -1.9406157269119011e+00, 6.3207725905263090e-01,
          3.2975121491647603e+00, 3.3886661307122155e+00,
          8.3215350375314689e-01, -1.7534738933168472e+00,
          -4.6529684418485528e+00, 1.2517054689130305e-02,
          4.6250369881684197e+00, 9.0161849399501595e+00,
          1.3040869357872655e+01, 1.6735069264802199e+01,
          1.9936627043192672e+01, 2.2349997519541645e+01,
          2.2755701323440206e+01, 2.1822108097607551e+01,
          1.9052806179733050e+01, 1.5617418282664204e+01,
          1.1699055512761142e+01, 7.3317468943783330e+00,
          2.5215589560000993e+00, -2.5082593078215698e+00,
          -7.5441459323600224e+00, -1.5244285927195632e+01,
          -1.7496892276765461e+01, -1.8677560908984056e+01,
          -1.8918890420555606e+01, -1.8460945600375993e+01,
          -1.9106777539655088e+01, -2.0176036299666194e+01,
          -2.0490772921515472e+01, -1.9703283027696770e+01,
          -1.7643508174596469e+01, -1.1887775561703593e+01,
          -8.8459515084577962e+00, -5.8379906672688131e+00,
          -2.8342595580996695e+00, 1.2728257667787515e+00,
          1.6375468620031632e+00, 1.6513247937043101e+00,
          1.3510087522570418e+00, 7.1264678177857521e-01,
          -1.0489149623093079e+01, -1.2258185037581583e+01,
          -1.2344442522726149e+01, -1.0801778323477434e+01,
          -9.9042658978026878e+00, -9.6500476562873345e+00,
          -1.1784443673484214e+01, -1.3673905586655291e+01,
          -1.3936035339699488e+01, -1.2511168396325898e+01,
          -1.1359354300999982e+01, -1.1229589358461377e+01,
          1.0673442117738333e+01, 8.2653660151389765e+00,
          6.2852887453113819e+00, 6.0365572489295731e+00,
          5.8611458682509205e+00, 7.4987223362981181e+00,
          9.5913545445723134e+00, 1.1680521004271450e+01,
          1.3319481142526028e+01, 1.3978866954940436e+01,
          1.3780290352125782e+01, 1.2524712476026140e+01,
          8.6432673694844091e+00, 7.9199872779898506e+00,
          8.1752515672959198e+00, 1.0492815236198677e+01,
          1.1157671111194674e+01, 1.0946011591265203e+01,
          2.0932385356157699e+01, 2.0337252115107290e+01,
          2.0076506869073810e+01, 1.8161957830661869e+01,
          1.3545827748676734e+01, 8.1427234539881876e+00,
          3.2029836177330080e+00, -8.4916862729275788e-01,
          -4.2457678340152567e+00, -9.3753693370916902e-01,
          3.2367079760430340e+00, 8.2328310435088241e+00,
          1.3722741770115300e+01, 1.8472429565788509e+01,
          2.0519880281448483e+01, 2.0923581043095020e+01,
          2.1487366676202885e+01, 3.3785310619161141e-01,
          -1.3962212631128563e+00, -2.7865188827374574e+00,
          -4.1456101165526551e+00, -5.4821790221945079e+00,
          -5.3479949260241924e+00, -3.9870676595107191e+00,
          -2.5875391930257803e+00, -1.1812575711997004e+00,
          5.0702106290624172e-01, -4.9344842761625722e+00,
          -7.6952424537302377e+00, -1.0583801624261287e+01,
          -1.3310124514587729e+01, -6.5449718142112863e+00,
          -7.2970558886403447e+00, -7.9752874703803647e+00,
          -7.3328210433928591e+00, -6.6297397967501981e+00,
          -6.7576387272608085e-01, -8.6460862708495345e-01,
          -1.1423325023632553e+00, -1.0520543892493306e+00,
          -1.1823920286778766e+00, -1.0334101909258928e+00,
          -9.4881007549576191e-01, -1.0572944282989845e+00,
          -6.9180001175380568e-01, -4.2044668184427414e-01,
          -8.3208289350438402e-01, -1.0256179720860639e+00,
          -2.7536387275072740e+00, -5.0180771647134064e+00,
          -6.6051948217203780e+00, -8.4948233354736669e+00,
          -6.6160389758458269e+00, -5.0017755524110905e+00,
          -2.7141026923572689e+00, -4.1681974120676557e+00,
          -5.3059348784880207e+00, -6.5963172794611076e+00,
          -5.2717438184912542e+00, -4.1170276163720425e+00,
          -4.9666680113275969e+00, -7.5828903075411764e+00,
          -5.1381863796628258e+00, -4.6080564562594279e+00,
          -6.2478348285221559e+00, -4.4564265200797166e+00 ]
   - !!opencv-matrix
      rows: 198
      cols: 1
      dt: d
      data: [ -1.8543767785114216e+01, -1.7766092380387882e+01,
          -1.6586958646051436e+01, -1.5110011761970409e+01,
          -1.3143371956727950e+01, -1.0604641741978824e+01,
          -7.3731968581319780e+00, -3.3756719863810369e+00,
          1.4530502304502861e+00, 6.1568705005131505e+00,
          9.7878978765037026e+00, 1.2658543924878947e+01,
          1.4763933073601940e+01, 1.6100463915148840e+01,
          1.6934664079392810e+01, 1.7515625425184730e+01,
          1.7730636609033141e+01, -1.6127854976005320e+01,
          -1.4166279228387191e+01, -1.1438893091141797e+01,
          -8.4991276432777596e+00, -5.6379932854111150e+00,
          2.3862776341651517e+00, 5.3640045654709816e+00,
          8.5447241534630063e+00, 1.1684958093390669e+01,
          1.4208260226938977e+01, -1.1428962158039357e+00,
          -8.7775514239983599e-01, -6.0332661788047015e-01,
          -3.2082946388182926e-01, -3.3240364648560834e+00,
          -1.7356298212365273e+00, -6.5963652570011480e-02,
          1.6797078112744364e+00, 3.2883156164621297e+00,
          -1.2517805303293379e+01, -1.0717054447286349e+01,
          -8.2001191588218738e+00, -6.2567627201480098e+00,
          -8.2726166900034137e+00, -1.0505144639423213e+01,
          4.7319096332081489e+00, 6.4591940919955197e+00,
          9.0071099586386296e+00, 1.1132309986202275e+01,
          9.2396863287106115e+00, 6.9429154945067655e+00,
          -5.0692068273777160e+00, -4.0255498700911296e+00,
          -2.1065394010189911e+00, 5.0893868369179140e-01,
          3.1612290653024266e+00, 5.4124817751056318e+00,
          6.9340110656979173e+00, 5.7934178031743349e+00,
          3.9137026596544175e+00, 1.1493807300070904e+00,
          -1.6226471705259065e+00, -3.7154423538712482e+00,
          -2.0496161763096605e+00, 6.3488833386156229e-01,
          3.4021817077117156e+00, 3.5813832082031514e+00,
          8.9793188954040071e-01, -1.8529828626973095e+00,
