%YAML:1.0
description: "5"
samples:
   - !!opencv-matrix
      rows: 198
      cols: 1
      dt: d
      data: [ -2.1099953990024314e+01, -2.0653960611458203e+01,
          -1.9809407197888444e+01, -1.8441596102346484e+01,
          -1.6238913929281008e+01, -1.2863082107566555e+01,
          -8.6248536089157142e+00, -3.6744992025157277e+00,
          1.7485665139365740e+00, 6.9963357611226380e+00,
          1.1715464269633532e+01, 1.5662214097779646e+01,
          1.8408500627211900e+01, 1.9523841764166644e+01,
          1.9952949464990265e+01, 2.0087147392928024e+01,
          1.9947046475375942e+01, -1.7222056846830046e+01,
          -1.5404378459523903e+01, -1.2835274105675257e+01,
          -1.0027438390229301e+01, -7.2810753104933132e+00,
          4.1171639472932808e+00, 7.1940452212464976e+00,
          1.0421963896972787e+01, 1.3539438692200635e+01,
          1.5948362980206484e+01, -1.3022994352429840e+00,
          -9.3060114294999208e-01, -5.4223366703864140e-01,
          -1.4352158520729225e-01, -3.4340472891504970e+00,
          -1.8180870989432099e+00, -1.3943313639224969e-01,
          1.6800774748434599e+00, 3.3868978379196628e+00,
          -1.1748044588731331e+01, -9.9440432242592784e+00,
          -7.6055089539428558e+00, -5.5922132778237126e+00,
          -7.5592965526490978e+00, -9.6923360475827387e+00,
          4.1711520508089404e+00, 6.0563164558354075e+00,
          8.4723247148856284e+00, 1.0604831672472347e+01,
          8.6010126593510456e+00, 6.3754092428264766e+00,
          -6.3936066564275045e+00, -4.4708037005778998e+00,
          -2.1311764091972205e+00, 3.7884745810357945e-01,
          2.9050127764215388e+00, 5.4787364133108527e+00,
          7.8485091902647737e+00, 5.8084213495967623e+00,
          3.3222408622874937e+00, 6.6621097881150781e-01,
          -1.9121072676119959e+00, -4.3938712755855063e+00,
          -2.0593301066609668e+00, 4.7546401223901547e-01,
          3.0313169376620124e+00, 3.0541143538748337e+00,
          4.0158222849028857e-01, -2.1876226135484096e+00,
          -5.4787532482834767e+00, -4.5900095778804528e-01,
          4.5309820575293065e+00, 9.3590194236208433e+00,
          1.3836855905785400e+01, 1.7745910630680815e+01,
          2.0905722924587138e+01, 2.2966942019357017e+01,
          2.3279458555509748e+01, 2.2564245893602720e+01,
          2.0374605141098360e+01, 1.7085917272768029e+01,
          1.2868454283566441e+01, 7.7872478047375884e+00,
          2.1694864462084684e+00, -3.5845146872647375e+00,
          -9.3140269570980294e+00, -1.3816192897647708e+01,
          -1.6057605660373174e+01, -1.7236440500864141e+01,
          -1.7504497023345483e+01, -1.7105050506298245e+01,
          -1.8223756802760541e+01, -1.9304958472160774e+01,
          -1.9599311737932894e+01, -1.8670157688890885e+01,
          -1.6418898807804680e+01, -1.0979288518959825e+01,
          -7.4735849004063564e+00, -3.9702531462708017e+00,
          -4.5671631202231167e-01, 2.1481782145773352e+00,
          2.4735084080130685e+00, 2.4995158688045684e+00,
          2.1425856012019344e+00, 1.5021623048653390e+00,
          -8.9485828684923518e+00, -1.0441551474817325e+01,
          -1.0568287051743045e+01, -9.3965229263033372e+00,
          -8.5850060167116933e+00, -8.3636422584545027e+00,
          -1.0398800435545159e+01, -1.2046097571154238e+01,
          -1.2235955107902099e+01, -1.1142275447370212e+01,
          -1.0204216928245010e+01, -9.9844903839963042e+00,
          7.9757114921797720e+00, 6.2324717959012474e+00,
          5.2176011450584037e+00, 5.3118193020185895e+00,
          4.7780759114750291e+00, 5.4022763432569691e+00,
          6.6636134905984523e+00, 8.4003167334709534e+00,
          9.4457544448170836e+00, 9.8168801743444511e+00,
          9.9341426402195996e+00, 9.3518448294077370e+00,
          7.3598918282952415e+00, 7.2227112339070647e+00,
          6.8650707035916980e+00, 7.0367196667546672e+00,
          7.1977596172633751e+00, 7.5150753592676072e+00,
          2.1112593785444083e+01, 2.0670009723359087e+01,
          2.0418064166250080e+01, 1.8453379788873466e+01,
          1.3207132679409705e+01, 7.8589857053767878e+00,
          3.4754212198393626e+00, -7.1145610907610601e-01,
          -4.5961446331533446e+00, -8.3467115427282990e-01,
          3.4532991247854792e+00, 7.9378267885472704e+00,
          1.3469320680196367e+01, 1.9023698332508410e+01,
          2.1037048770962411e+01, 2.1552120111046047e+01,
          2.2078869161583739e+01, 5.0080406997619198e-01,
          -1.6908335653385871e+00, -3.0825353665837807e+00,
          -4.2797309981128615e+00, -5.3145528900094972e+00,
          -5.0210994400074984e+00, -4.0185715425236390e+00,
          -2.8261522089782756e+00, -1.4691934316995754e+00,
          6.8769140930119055e-01, -4.9349834410661959e+00,
          -7.9983877055505674e+00, -1.0928532982637257e+01,
          -1.3409078669680126e+01, -6.7030410636419644e+00,
          -7.4080061636716117e+00, -8.0717992374200289e+00,
          -7.4295587874730442e+00, -6.7528790180740970e+00,
          -1.0665496521250870e+00, -1.4214705963929488e+00,
          -1.4621995024562471e+00, -8.9658840548676633e-01,
          -1.0887615936692787e+00, -1.1542322334505604e+00,
          -6.4404749631240499e-01, -1.3291269870783400e+00,
          -1.2564494713093621e+00, -8.6398172352893610e-01,
          -9.4068873171757172e-01, -8.7139274920289334e-01,
          -2.5444096454474474e+00, -5.0065589009736664e+00,
          -6.6660573614761374e+00, -8.2074154132177384e+00,
          -6.7891962715717202e+00, -5.0836482830227947e+00,
          -2.5029060181573186e+00, -3.7383734076460842e+00,
          -5.2324824349133072e+00, -6.6699987465152795e+00,
          -5.1368891568313781e+00, -3.6583060130754985e+00,
          -5.1488044542187144e+00, -7.1777110367024015e+00,
          -5.4294056187173716e+00, -4.6537456332697165e+00,
          -6.4157699622231528e+00, -4.3977809730436412e+00 ]
   - !!opencv-matrix
      rows: 198
      cols: 1
      dt: d
      data: [ -2.2526212831468897e+01, -2.1719657926775067e+01,
          -2.0694992661187037e+01, -1.9400765609607234e+01,
          -1.7330670859565426e+01, -1.3627566242678750e+01,
          -8.8163992175867403e+00, -3.5804988847680459e+00,
          1.7879454198639697e+00, 7.1989360064914836e+00,
          1.2161116411780755e+01, 1.6223014290277177e+01,
          1.8973301402981637e+01, 2.0265017737036874e+01,
          2.0741571445306818e+01, 2.0843972950521696e+01,
          2.0629556575061422e+01, -1.9485436831946007e+01,
          -1.6704140613267917e+01, -1.2819484491954629e+01,
          -8.6524548913528232e+00, -4.6362515416778907e+00,
          2.3753019569983214e+00, 5.9456578897086487e+00,
          9.7740575820265807e+00, 1.3482370730842584e+01,
          1.6307595354576776e+01, -1.5286340526419828e-01,
          7.7171593592061938e-02, 2.7731671991152251e-01,
          4.6980805292043032e-01, -2.9126086868321632e+00,
          -1.1273943383743035e+00, 7.8737274027389603e-01,
          2.4977418883684859e+00, 3.9788981070871614e+00,
          -1.3498708833841953e+01, -1.1403925452441799e+01,
          -8.9840187581212518e+00, -6.8071469167077403e+00,
          -9.0460928166798169e+00, -1.1304381562931008e+01,
          5.1131549911663976e+00, 7.1106268031330764e+00,
          9.4233652648754376e+00, 1.1452111118778413e+01,
          9.3408630672679251e+00, 7.1990859196178905e+00,
          -6.9816880545967566e+00, -4.5638317486581785e+00,
          -2.0042163178464225e+00, 5.2645319665942059e-01,
          2.9687504329251664e+00, 5.4696457983091271e+00,
          7.8097859998206296e+00, 5.7384612634302625e+00,
          3.2168264955893955e+00, 7.6484991391752444e-01,
          -1.8202783268777711e+00, -4.4861572709720638e+00,
          -1.7053168285832765e+00, 6.6571296283193371e-01,
          2.9856769479222445e+00, 3.0678840778169967e+00,
          6.7247827590638165e-01, -1.7254386433774278e+00,
