%YAML:1.0
description: "6"
samples:
   - !!opencv-matrix
      rows: 198
      cols: 1
      dt: d
      data: [ -2.1083830459516641e+01, -2.0527259184311411e+01,
          -1.9716634048764060e+01, -1.8514765402374419e+01,
          -1.6556057362465612e+01, -1.3244093742075613e+01,
          -8.8454277425587691e+00, -3.8880604840198583e+00,
          1.4859798366685708e+00, 6.8184890089990633e+00,
          1.1413365081454229e+01, 1.5273690367448006e+01,
          1.8043098136861509e+01, 1.9526705351363553e+01,
          2.0063638557824337e+01, 2.0043958357977832e+01,
          1.9694178541007478e+01, -1.7632499224758590e+01,
          -1.4912993627723015e+01, -1.1518980099122752e+01,
          -8.0358364091992556e+00, -4.6738737495349350e+00,
          2.9389728481871096e+00, 5.8563681979649367e+00,
          8.9969633081999731e+00, 1.2207315034524878e+01,
          1.5029606009029466e+01, -5.1734191247971739e-01,
          -3.1478904016483922e-01, -1.2170575999223912e-01,
          6.2850881881804391e-02, -3.3941285612684493e+00,
          -1.5664849455555245e+00, 3.5708692848424994e-01,
          2.1291142435130763e+00, 3.7569723883153392e+00,
          -1.3546259258045930e+01, -1.1235605746223506e+01,
          -8.6849059710354091e+00, -6.3373728500182125e+00,
          -8.7511511306005136e+00, -1.1180636349156231e+01,
          4.7746817746971608e+00, 6.9580622999505808e+00,
          9.4768618795620689e+00, 1.1853889968652815e+01,
          9.5629491981509585e+00, 7.1586289258896345e+00,
          -7.5942449011546636e+00, -5.5136474555621460e+00,
          -2.7230766446118415e+00, 4.0745426084204778e-01,
          3.4638514081308109e+00, 6.3293555743064545e+00,
          8.5309143271511605e+00, 6.9131287198125326e+00,
          4.3577821111301400e+00, 9.7256284174208496e-01,
          -2.5357076384655950e+00, -5.4334326837810343e+00,
          -3.3645411565970229e+00, 5.4122436646390459e-01,
          4.4036366930211868e+00, 4.7833925423786265e+00,
          8.4147423400037358e-01, -3.2580012962506109e+00,
          -6.3383055205909882e+00, -6.9541231895108147e-01,
          4.9449135716705692e+00, 1.0237996157325810e+01,
          1.4791030488630026e+01, 1.8341921229366026e+01,
          2.0792588606791217e+01, 2.2278129691240867e+01,
          2.2234418235688722e+01, 2.1358455310250825e+01,
          1.8907884073924780e+01, 1.5643021219697104e+01,
          1.1611394232443292e+01, 7.0146660453187923e+00,
          1.9443561661405346e+00, -3.3882588481840705e+00,
          -8.6928623949266797e+00, -1.2785856331070356e+01,
          -1.5057212027181709e+01, -1.5992908358574606e+01,
          -1.5913969325090349e+01, -1.5146384063572633e+01,
          -1.5603849725135012e+01, -1.6693825754124365e+01,
          -1.7201862618794763e+01, -1.6883045391288459e+01,
          -1.5250344290560541e+01, -1.2237537656634364e+01,
          -9.0534738700833177e+00, -5.9036188410472832e+00,
          -2.7548093433546739e+00, 3.2580565984779319e-02,
          4.8517466097580464e-01, 5.5384192566094559e-01,
          2.6592710356184057e-01, -3.9874849554479214e-01,
          -9.3306190516711283e+00, -1.0374795752583653e+01,
          -1.0643696773422779e+01, -9.9448168871998650e+00,
          -9.5538692709008615e+00, -9.2765448908840824e+00,
          -1.0604792738890243e+01, -1.1553852993086817e+01,
          -1.1699272095586783e+01, -1.0946386997323271e+01,
          -1.0553011454690362e+01, -1.0533108033591711e+01,
          8.0357894123661744e+00, 5.7512897837018340e+00,
          4.2572866958629394e+00, 4.0233581760969450e+00,
          3.8543533473145519e+00, 4.9565769350624738e+00,
          7.0294033975522563e+00, 9.7027048422073214e+00,
          1.1635808334099371e+01, 1.2240429064132098e+01,
          1.2057724291630967e+01, 1.0463822056660815e+01,
          6.2786615168957498e+00, 5.7011855704515204e+00,
          5.7971392723330437e+00, 8.8178415735241042e+00,
          9.6266317577508840e+00, 9.3388921333949693e+00,
          2.1645716834444737e+01, 2.1207031664046010e+01,
          2.0828006595720439e+01, 1.8562796382655328e+01,
          1.3632441578510955e+01, 8.1277960030756891e+00,
          3.2876869422752346e+00, -9.2771027779790938e-01,
          -4.6178767568716772e+00, -7.9045706624582079e-01,
          3.4544086754167092e+00, 8.3006405226072602e+00,
          1.3752187085651970e+01, 1.8577691430951141e+01,
          2.0841389783765113e+01, 2.1121141298158808e+01,
          2.1506226447817962e+01, -7.4377074250079223e-02,
          -1.5954285324516246e+00, -2.9988271968084561e+00,
          -4.4265048337095863e+00, -5.7435440745682067e+00,
          -5.7545316980236523e+00, -4.3663622609317647e+00,
          -2.8818123932825213e+00, -1.3983248871080447e+00,
          1.9162078573531635e-01, -5.0754010737186608e+00,
          -7.7988330284238874e+00, -1.0699089445980025e+01,
          -1.3547059674741570e+01, -6.3951715270662302e+00,
          -7.2564922520222890e+00, -8.0011242652960881e+00,
          -7.1853050672508347e+00, -6.2986547479759967e+00,
          -9.6650300512202181e-01, -1.0665925724848380e+00,
          -1.1875346025061824e+00, -1.0925233827934688e+00,
          -1.1746875961192189e+00, -1.1802052995464767e+00,
          -1.0335988299340975e+00, -1.0800823618575064e+00,
          -9.4466261479554248e-01, -8.2729836655097033e-01,
          -1.0608250933784018e+00, -1.0737145911380377e+00,
          -2.8324288011126377e+00, -4.6853255584270990e+00,
          -6.3727700941586276e+00, -8.2065819575244294e+00,
          -6.2505323422974710e+00, -4.5371138118646561e+00,
          -2.6797703949013063e+00, -3.9681333181251399e+00,
          -5.3665555624208183e+00, -6.7902661398416821e+00,
          -5.4739234657126961e+00, -4.1049104857833107e+00,
          -5.2934674310634460e+00, -7.5841413700576163e+00,
          -5.0554522593620499e+00, -4.3552862626968381e+00,
          -6.3971625664321721e+00, -4.5617312238478922e+00 ]
   - !!opencv-matrix
      rows: 198
      cols: 1
      dt: d
      data: [ -1.9656106734811964e+01, -1.9312048384283003e+01,
          -1.8687930394356250e+01, -1.7670133016353049e+01,
          -1.5881198674102478e+01, -1.2778087989480895e+01,
          -8.5939540457497117e+00, -3.6658285846384340e+00,
          1.8470668027960850e+00, 7.1091598217955783e+00,
          1.1683765302537530e+01, 1.5448865816207570e+01,
          1.7899413844409551e+01, 1.8751946470723514e+01,
          1.8874562508404303e+01, 1.8696876528122374e+01,
          1.8297927627348386e+01, -1.5993492452536250e+01,
          -1.4121985325451075e+01, -1.1587993415551148e+01,
          -8.8335071628727384e+00, -6.1191946753488988e+00,
          3.4031759299894038e+00, 6.0530476452140691e+00,
          8.8561949352317697e+00, 1.1626217251790454e+01,
          1.3984359013707117e+01, -9.7808142095330641e-01,
          -6.8963566042928015e-01, -3.8978647552947610e-01,
          -9.0280676271609767e-02, -3.8410082221592909e+00,
          -1.9404802324732504e+00, 2.9114528910325996e-02,
          2.0201957582733470e+00, 3.9184703979258000e+00,
          -1.1071180406212177e+01, -9.4166006190190910e+00,
          -7.4583507573976293e+00, -5.6515814243678530e+00,
          -7.4027890091186341e+00, -9.2522501165677244e+00,
          4.3807689404235193e+00, 6.0950789293343401e+00,
          8.1061213641691907e+00, 9.9866440832500274e+00,
          8.2132991101472506e+00, 6.2948139101709639e+00,
          -9.3258304604392137e+00, -6.6732121886064464e+00,
          -3.3398062981373995e+00, 2.9351251150463908e-01,
          3.8896918544212609e+00, 7.3723892042782246e+00,
          1.0346083114556425e+01, 8.1708090247899783e+00,
          4.9352516577558276e+00, 8.3549009200470514e-01,
          -3.3173746839495628e+00, -6.8057176226357896e+00,
          -4.4770453543756838e+00, 3.7815830990099131e-01,
          5.1949462532381725e+00, 5.7276305075551130e+00,
          6.5637592586466798e-01, -4.5500964143818132e+00,
