%YAML:1.0
description: "7"
samples:
   - !!opencv-matrix
      rows: 198
      cols: 1
      dt: d
      data: [ -2.0828110271638028e+01, -2.0209130636937370e+01,
          -1.9301618426248172e+01, -1.8115983809973748e+01,
          -1.6264955569823289e+01, -1.3090059294401572e+01,
          -8.8335918874277102e+00, -4.0219018160143758e+00,
          1.1156264626183634e+00, 6.4464225423843953e+00,
          1.1157665834026908e+01, 1.5094343471045752e+01,
          1.7792167990067373e+01, 1.9107304990613212e+01,
          1.9648531629102553e+01, 1.9774492515217545e+01,
          1.9505962601758437e+01, -1.7494577010196853e+01,
          -1.5373595310286664e+01, -1.2382974999695413e+01,
          -9.1538482230725702e+00, -5.9703293875880847e+00,
          3.6885831179293276e+00, 6.5819291297228508e+00,
          9.6353605158169344e+00, 1.2639452322252259e+01,
          1.5063130645798022e+01, -4.2968448058845504e-01,
          -2.3680527602888396e-01, -5.3584785871400087e-02,
          1.1629604017935004e-01, -2.8573038231944397e+00,
          -1.2187057599959044e+00, 4.6604242966369452e-01,
          2.0384902241650460e+00, 3.5334544684975389e+00,
          -1.3193318250135947e+01, -1.1271057374593251e+01,
          -8.8441584267707221e+00, -6.7569655195534839e+00,
          -8.8216989348941119e+00, -1.1092106241918859e+01,
          5.4728923041221904e+00, 7.3567229588396810e+00,
          9.7608621147895338e+00, 1.1815566388124543e+01,
          9.8487693485688812e+00, 7.5982983788729275e+00,
          -6.2425307167851267e+00, -4.3255298814271903e+00,
          -2.0896270382861450e+00, 4.9392820087971667e-01,
          3.0188528544975903e+00, 5.3420947300441801e+00,
          7.3344744750850541e+00, 5.4670012705370779e+00,
          3.1683493174172801e+00, 6.9274003913816473e-01,
          -1.7875658241903460e+00, -4.1730346427051730e+00,
          -2.1154183533418207e+00, 5.8905073106786277e-01,
          3.2412047788156011e+00, 3.2056706428850537e+00,
          6.0094690476065793e-01, -2.0580677514445886e+00,
          -5.4599398341459322e+00, -1.6900458703317678e-01,
          5.1019955023005581e+00, 1.0097262903599360e+01,
          1.4514038666486046e+01, 1.7983923959799650e+01,
          2.0371161244280906e+01, 2.1782150118877087e+01,
          2.1766831843395462e+01, 2.1082271634989226e+01,
          1.8827051409108030e+01, 1.5609000919304874e+01,
          1.1506940785054454e+01, 6.7913875735636955e+00,
          1.6967733914732792e+00, -3.6105780231241202e+00,
          -8.8988240942167334e+00, -1.3324962395906887e+01,
          -1.5867609668774545e+01, -1.7181364848341943e+01,
          -1.7407592989347446e+01, -1.6964397762445564e+01,
          -1.7495391492118937e+01, -1.8354520111969578e+01,
          -1.8597364289221318e+01, -1.7879989506035365e+01,
          -1.5910184809959677e+01, -1.1426214486748320e+01,
          -8.8456016130615325e+00, -6.2910424320787603e+00,
          -3.7343584809913404e+00, 8.9986567208985269e-01,
          1.1477005941790550e+00, 1.1532646820247465e+00,
          9.6191439787116617e-01, 5.2896247907461447e-01,
          -9.3809643216775473e+00, -1.0801564893398270e+01,
          -1.1027972209706993e+01, -9.9437343509198168e+00,
          -9.0743245792821501e+00, -8.8180394526620915e+00,
          -1.0710029724960522e+01, -1.2028302900374664e+01,
          -1.2164851834832874e+01, -1.1000507724129559e+01,
          -1.0153202673597736e+01, -1.0122066408693582e+01,
          9.3962141964842498e+00, 7.3623119606991185e+00,
          5.7521650243157305e+00, 5.7134322997964482e+00,
          5.4787496289268747e+00, 6.8478150881676161e+00,
          8.7038313004879697e+00, 1.0035788674008320e+01,
          1.0740586115654292e+01, 1.0900856374612493e+01,
          1.0966190392842922e+01, 1.0507177286326815e+01,
          8.0189066145129857e+00, 7.6982010615165022e+00,
          7.7673747516582647e+00, 8.2083756483942665e+00,
          8.2512981736364299e+00, 8.4728624230036331e+00,
          2.1603156985175868e+01, 2.1107761870826931e+01,
          2.0795233300795871e+01, 1.8507263979261783e+01,
          1.3592308765462668e+01, 7.9818794024385920e+00,
          3.3319555868573993e+00, -8.3055854505067672e-01,
          -4.6164376262626163e+00, -6.2234464262080325e-01,
          3.5291170496813744e+00, 8.1920066143652246e+00,
          1.3798503279625574e+01, 1.8603353953153430e+01,
          2.0874340416108623e+01, 2.1127770287847309e+01,
          2.1565096418043428e+01, 1.1362027185274343e-01,
          -1.6032822714193531e+00, -2.9445181882231739e+00,
          -4.2538366575783275e+00, -5.4923399112032874e+00,
          -5.5729214884188067e+00, -4.2455502107787799e+00,
          -2.8592521566903990e+00, -1.4203018252594466e+00,
          2.6268752991055433e-01, -4.9516861342286269e+00,
          -7.7421957694637937e+00, -1.0658222103959824e+01,
          -1.3443046233710215e+01, -6.4234836119140928e+00,
          -7.2778541469574334e+00, -8.0964885474232702e+00,
          -7.1815912253875274e+00, -6.2946315405256783e+00,
          -8.1954198018934354e-01, -1.0832023160815616e+00,
          -1.2507293978424667e+00, -1.0879721680723131e+00,
          -1.2123788846495733e+00, -1.0967963511321841e+00,
          -9.9758960428606724e-01, -1.1358541957358126e+00,
          -9.8546059841707700e-01, -7.6025219698306112e-01,
          -1.0170937686405839e+00, -1.1257742791268799e+00,
          -2.9355558709792851e+00, -5.0272320063951357e+00,
          -6.6841755506969553e+00, -8.3055220093579525e+00,
          -6.5755170276643131e+00, -4.8752610523192113e+00,
          -2.7494691226404235e+00, -3.8917520340470397e+00,
          -5.2987395516584517e+00, -6.7717901207160480e+00,
          -5.4218541387859558e+00, -3.9838791278214258e+00,
          -5.3430668389964380e+00, -7.3596909577523011e+00,
          -5.1156417822650537e+00, -4.4607511923542713e+00,
          -6.4297302773595861e+00, -4.6531298954441302e+00 ]
   - !!opencv-matrix
      rows: 198
      cols: 1
      dt: d
      data: [ -2.0792865550955934e+01, -2.0203843445715481e+01,
          -1.9320896195344034e+01, -1.8153555288514301e+01,
          -1.6314870275502713e+01, -1.3145318966319101e+01,
          -8.8788120304575724e+00, -4.0367632260276878e+00,
          1.1515022439724873e+00, 6.5375238389836392e+00,
          1.1303187602361913e+01, 1.5262153430006443e+01,
          1.7925335012845686e+01, 1.9159838842167044e+01,
          1.9640128529569040e+01, 1.9725768395396734e+01,
          1.9424718714286669e+01, -1.7388921423563222e+01,
          -1.5270999132818984e+01, -1.2325811941158682e+01,
          -9.1653843263249879e+00, -6.0603050213585945e+00,
          3.7689614150305886e+00, 6.6285994509660640e+00,
          9.6487334255516632e+00, 1.2628661689944295e+01,
          1.5046362581379253e+01, -4.6441034643302692e-01,
          -2.5760875713235165e-01, -6.0400450264047334e-02,
          1.2326540294058881e-01, -2.8601911417548567e+00,
          -1.2304608298615112e+00, 4.5078097308535631e-01,
          2.0315211848422949e+00, 3.5272001024698740e+00,
          -1.3139439991196369e+01, -1.1232346497290468e+01,
          -8.8388629879278842e+00, -6.7929290013536470e+00,
          -8.8298992749297973e+00, -1.1073916409880894e+01,
          5.4881765056540308e+00, 7.3388105298221653e+00,
          9.7141787840941198e+00, 1.1754985047635312e+01,
          9.8198547737709081e+00, 7.5930857184066305e+00,
          -6.0812341248958841e+00, -4.1919453286667370e+00,
          -2.0180710010140910e+00, 4.7456019800280574e-01,
          2.9156634440651232e+00, 5.1814587884637087e+00,
          7.1583318877494477e+00, 5.3393239331731008e+00,
          3.0896939767952563e+00, 6.5968660285957259e-01,
          -1.7678484834231016e+00, -4.0884805167891338e+00,
          -2.0027402627757329e+00, 5.6275742987729094e-01,
          3.0823265901873960e+00, 3.0413982352750475e+00,
          5.6023905652490846e-01, -1.9647987220504461e+00,
