%YAML:1.0
description: "8"
samples:
   - !!opencv-matrix
      rows: 198
      cols: 1
      dt: d
      data: [ -2.1336713881838580e+01, -2.0787330972502438e+01,
          -1.9946070343873732e+01, -1.8762147704995733e+01,
          -1.6799212389244232e+01, -1.3398524997027167e+01,
          -8.8977369506362578e+00, -3.8721606347864861e+00,
          1.4689832594092214e+00, 6.8540176664555457e+00,
          1.1715692138500708e+01, 1.5828099780004592e+01,
          1.8580842099171136e+01, 1.9774671463011110e+01,
          2.0160232828186594e+01, 2.0148536851627593e+01,
          1.9792728243962962e+01, -1.7660313434970501e+01,
          -1.5414952523238538e+01, -1.2416719093606083e+01,
          -9.2532800094626193e+00, -6.1597738505841075e+00,
          3.9073726134326767e+00, 6.6745998021678101e+00,
          9.6130075956328973e+00, 1.2580908691974024e+01,
          1.5138007361914328e+01, -4.5182829169546090e-01,
          -2.2421066604808126e-01, -2.1001369441324691e-03,
          2.0825072097987440e-01, -2.9667623164901880e+00,
          -1.3020329244224511e+00, 4.3087206159068353e-01,
          2.0852297628871770e+00, 3.6362971722534314e+00,
          -1.3086639130237128e+01, -1.1165077221708671e+01,
          -8.8465925384915778e+00, -6.8573136497008926e+00,
          -8.8803949102996302e+00, -1.1066822176498682e+01,
          5.6487033768389736e+00, 7.4612259242069667e+00,
          9.7720748243028446e+00, 1.1818194849295981e+01,
          9.9049344529685595e+00, 7.7307751273756615e+00,
          -6.4362930737512398e+00, -4.3639801084024050e+00,
          -2.0826345383339735e+00, 4.0813638654196743e-01,
          2.8350518050835691e+00, 5.1809000753820769e+00,
          7.3342889357359473e+00, 5.4327884479982922e+00,
          3.0729601172926251e+00, 5.7568118000033630e-01,
          -1.9378144404870978e+00, -4.3581918207143335e+00,
          -2.1024693910470340e+00, 4.8103449306803014e-01,
          3.0183196950243438e+00, 2.9912894609649494e+00,
          4.6786071367175153e-01, -2.0916257308392714e+00,
          -5.6787933868240472e+00, -2.5747030749770689e-01,
          5.1563915748855145e+00, 1.0206021292604021e+01,
          1.4523770327184272e+01, 1.7822743465472151e+01,
          2.0018474151191125e+01, 2.1256977621357919e+01,
          2.1046978464418366e+01, 2.0528368682707534e+01,
          1.8571517215074042e+01, 1.5654649660842740e+01,
          1.1763401302173957e+01, 7.1475444322849127e+00,
          2.0003504093262374e+00, -3.4362841999470466e+00,
          -8.8342523088654428e+00, -1.3244091541040110e+01,
          -1.5641457989305316e+01, -1.6794793689864086e+01,
          -1.6934106430207276e+01, -1.6462140286159528e+01,
          -1.7023214191321195e+01, -1.7922563599218524e+01,
          -1.8277919845284543e+01, -1.7802413986044492e+01,
          -1.6100217299412595e+01, -1.1164937401261447e+01,
          -8.4460707059899605e+00, -5.7555718481884517e+00,
          -3.0529523618505965e+00, 1.1676605430466822e+00,
          1.4785952559393394e+00, 1.4992348202713928e+00,
          1.2810259584789954e+00, 7.7993342209457628e-01,
          -9.5954720262145816e+00, -1.0864118010334412e+01,
          -1.1042590444164112e+01, -9.9766371664350348e+00,
          -9.2608913834153466e+00, -9.0601502213344549e+00,
          -1.0783548084754395e+01, -1.2091596125322988e+01,
          -1.2242509565802861e+01, -1.1226147809283738e+01,
          -1.0422795907409855e+01, -1.0327083002934444e+01,
          9.0477403155848481e+00, 7.2276574900254769e+00,
          5.8566756001010321e+00, 5.8485980818985599e+00,
          5.6098358249273303e+00, 6.7652372226116819e+00,
          8.3963651507474566e+00, 9.7439241146614712e+00,
          1.0404802408640101e+01, 1.0499926625455842e+01,
          1.0627542469973138e+01, 1.0179683826835857e+01,
          8.0192099144246889e+00, 7.7251231757904470e+00,
          7.7860632323566774e+00, 7.9755351643128964e+00,
          7.8963775060779291e+00, 8.2089957028967415e+00,
          2.1578883543524434e+01, 2.1088956629353000e+01,
          2.0825047326838536e+01, 1.8532634790674628e+01,
          1.3528150504112066e+01, 7.9894525799952456e+00,
          3.3905980293546629e+00, -8.1798128446855611e-01,
          -4.5419673351276684e+00, -6.9536942773587718e-01,
          3.4847928895657887e+00, 8.1442936723520720e+00,
          1.3751608332503091e+01, 1.8626610238646190e+01,
          2.0894090503372624e+01, 2.1119693938533530e+01,
          2.1654501492810450e+01, 1.0340802872479042e-01,
          -1.6038159847121118e+00, -2.9655645520239378e+00,
          -4.2935252761963172e+00, -5.5332578274265476e+00,
          -5.5031536834802726e+00, -4.1780342149941117e+00,
          -2.7851964827236180e+00, -1.3588306918411823e+00,
          2.6952773329701341e-01, -4.9986363007812047e+00,
          -7.8154377856920973e+00, -1.0738294813171494e+01,
          -1.3458614672950160e+01, -6.5021631060570098e+00,
          -7.3209524351700850e+00, -8.0624054535032990e+00,
          -7.1916008719531446e+00, -6.2516595103286647e+00,
          -8.6387225045598814e-01, -1.0842868696461732e+00,
          -1.2121040871608273e+00, -1.0428102303588347e+00,
          -1.1832562168562160e+00, -1.1247979576150164e+00,
          -9.1577109662347478e-01, -1.0052097391797306e+00,
          -9.1982794945927737e-01, -7.6993821548427599e-01,
          -1.0207796307647712e+00, -1.0896021446108375e+00,
          -2.9378908967336690e+00, -5.0133329052523363e+00,
          -6.6894801088835667e+00, -8.3388084818939525e+00,
          -6.6072349843429032e+00, -4.8967625289631407e+00,
          -2.8329769432738159e+00, -3.8831647574297747e+00,
          -5.2913573301110448e+00, -6.6888358221861921e+00,
          -5.3822519410261487e+00, -3.9665666109241475e+00,
          -5.4107727024171517e+00, -7.4072057407920919e+00,
          -5.2058165449284717e+00, -4.4963589603179841e+00,
          -6.4341383595144750e+00, -4.6504660313909660e+00 ]
   - !!opencv-matrix
      rows: 198
      cols: 1
      dt: d
      data: [ -1.9888360053308055e+01, -1.9005144299416806e+01,
          -1.7867751197378006e+01, -1.6695192551179357e+01,
          -1.5073901325022826e+01, -1.2216032748961544e+01,
          -8.2817912781223679e+00, -3.6724887547389113e+00,
          1.3499005867301905e+00, 6.3678006355553780e+00,
          1.0518991592038345e+01, 1.3863283935681888e+01,
          1.6200734850870372e+01, 1.7524391453872500e+01,
          1.8221160098638464e+01, 1.8628605604396267e+01,
          1.8638533560746573e+01, -1.7756351516784676e+01,
          -1.5653027420066280e+01, -1.2663147502975541e+01,
          -9.4313113160909925e+00, -6.2279088516269034e+00,
          4.1035393761786150e+00, 6.7352869277601517e+00,
          9.5483247234860293e+00, 1.2378842245053708e+01,
          1.4772786184398610e+01, -2.8610624795159900e-01,
          -1.8702105560038113e-01, -9.3910860958273612e-02,
          -8.6844858297060318e-03, -3.0857296486821837e+00,
          -1.3794030107213890e+00, 4.1421047099089581e-01,
          2.0746838791301156e+00, 3.6169867771417668e+00,
          -1.3106843771349840e+01, -1.1257177761578058e+01,
          -8.9519660059251223e+00, -6.9852809622479022e+00,
          -8.9764248913144122e+00, -1.1128660981004675e+01,
          6.0660121765329453e+00, 7.7990116175339361e+00,
          1.0054755594401524e+01, 1.1986424224526138e+01,
          1.0149851822876412e+01, 8.0464625698153966e+00,
          -6.0057606637151455e+00, -4.1000871320417325e+00,
          -1.9399520448335794e+00, 4.9473790015307023e-01,
          2.8402517744578066e+00, 5.0373220981864346e+00,
          6.9381857491531314e+00, 5.2744993006068617e+00,
          3.1507524376066876e+00, 7.8746619183679833e-01,
          -1.6542890972715090e+00, -3.9902588593413135e+00,
          -1.8331358508974520e+00, 6.2920155828476998e-01,
          3.0362893663530626e+00, 3.0238672965252738e+00,
          6.8151821690166903e-01, -1.7467490454397250e+00,
