%YAML:1.0
description: "9"
samples:
   - !!opencv-matrix
      rows: 198
      cols: 1
      dt: d
      data: [ -2.0966653819785307e+01, -2.0074338017071049e+01,
          -1.8829245238226246e+01, -1.7323886896653786e+01,
          -1.5214662301402138e+01, -1.2108135085529591e+01,
          -8.2182253171720454e+00, -3.7959366838774340e+00,
          1.0689773068259367e+00, 6.0114125726511549e+00,
          1.0166984360350424e+01, 1.3720203543363576e+01,
          1.6508973782332504e+01, 1.8296537867985350e+01,
          1.9304859969034354e+01, 1.9890936681307871e+01,
          2.0034293050463564e+01, -1.8152050037587866e+01,
          -1.5884971725984418e+01, -1.2745103749404624e+01,
          -9.3827713653344897e+00, -6.0796360758768078e+00,
          3.5691901954216103e+00, 6.5521010354468494e+00,
          9.7356222235819718e+00, 1.2927516303757479e+01,
          1.5588661980566666e+01, -5.4694316303312451e-01,
          -3.6023287111331859e-01, -1.7350342287311393e-01,
          9.2436636115595799e-03, -2.9392001209211944e+00,
          -1.3190110678593268e+00, 3.7783724596506563e-01,
          2.0088244294531767e+00, 3.5131961590137788e+00,
          -1.3333117938344204e+01, -1.1384070329968006e+01,
          -8.8894886271227911e+00, -6.8044336315837093e+00,
          -8.9241248678622274e+00, -1.1212568260718939e+01,
          5.5433719948676750e+00, 7.3858003182159990e+00,
          9.8629090568398095e+00, 1.1998148687905225e+01,
          1.0020818761562179e+01, 7.7378587746605332e+00,
          -5.8618277018123557e+00, -3.9723222513445178e+00,
          -1.8294118866327429e+00, 5.8942786236320788e-01,
          2.9574563931507858e+00, 5.1963252678715977e+00,
          7.1832301571987927e+00, 5.4857586088616195e+00,
          3.3078778403251388e+00, 8.5879780403231731e-01,
          -1.5898650344079368e+00, -3.9149460969190355e+00,
          -1.7061843541314365e+00, 7.1152488281696846e-01,
          3.0933755354375432e+00, 3.0584952098094256e+00,
          7.2055197695158291e-01, -1.6554027991971767e+00,
          -4.7553338845979871e+00, 1.8327720671342201e-01,
          5.0833870576630611e+00, 9.7121340063729331e+00,
          1.3722995449654812e+01, 1.6964366922714387e+01,
          1.9454432989493718e+01, 2.1110049269128385e+01,
          2.1187015211479299e+01, 2.0411666041125560e+01,
          1.7977285585462976e+01, 1.4856717472790358e+01,
          1.1184096000743244e+01, 6.9678297650425858e+00,
          2.2721318236157506e+00, -2.6595916729960014e+00,
          -7.6001428591648743e+00, -1.3880053709375670e+01,
          -1.6407042630288082e+01, -1.7665135437502382e+01,
          -1.7804790969574629e+01, -1.7255573196713989e+01,
          -1.7863886081308486e+01, -1.8951693601813130e+01,
          -1.9402025922423338e+01, -1.8882206092553695e+01,
          -1.7042908794288401e+01, -1.1220193448001766e+01,
          -8.2567998967276477e+00, -5.3191379513640813e+00,
          -2.3718864881342898e+00, 1.7899308763285484e+00,
          2.1594552895960160e+00, 2.1989351521466918e+00,
          1.9484823764541466e+00, 1.3676548563209865e+00,
          -9.8572339385247165e+00, -1.1356466046569901e+01,
          -1.1563767788082052e+01, -1.0319060641803423e+01,
          -9.5284269520672762e+00, -9.2892805221230130e+00,
          -1.1240824854955690e+01, -1.2765910697233803e+01,
          -1.2965158955652717e+01, -1.1768213971369697e+01,
          -1.0857258746280955e+01, -1.0764128090990729e+01,
          9.5783869591582196e+00, 7.8246738416127881e+00,
          6.4128104609817038e+00, 6.4186362432639150e+00,
          6.1009674512487511e+00, 7.2188179431754609e+00,
          8.7382413593755555e+00, 1.0273488078729113e+01,
          1.1233073346327076e+01, 1.1543379886055277e+01,
          1.1530520332127921e+01, 1.0885587415329535e+01,
          8.5646144234903048e+00, 8.2905095765686934e+00,
          8.2695556852546801e+00, 8.5723578489656251e+00,
          8.7221482841567877e+00, 8.8846444689783031e+00,
          2.1500187171668916e+01, 2.0850126417969470e+01,
          2.0571853274783674e+01, 1.8511080475582926e+01,
          1.3468235291595715e+01, 8.0468877486918533e+00,
          3.4215465967973482e+00, -8.2494840051823992e-01,
          -4.3890491364865225e+00, -7.8581831504883548e-01,
          3.5179011326335288e+00, 8.1531640281442090e+00,
          1.3571371605992695e+01, 1.8532273421392130e+01,
          2.0721714380403434e+01, 2.1020683611848828e+01,
          2.1554730400916650e+01, 2.8597867656715181e-01,
          -1.5021888407402135e+00, -2.8794479726798392e+00,
          -4.2017652116215736e+00, -5.4045672491152423e+00,
          -5.3666408118386597e+00, -4.0678645994983471e+00,
          -2.6576761279331955e+00, -1.1862686717077189e+00,
          5.1829024074288466e-01, -4.8758028822656483e+00,
          -7.8302173481422086e+00, -1.0828183256145524e+01,
          -1.3518631951055808e+01, -6.6097642389150471e+00,
          -7.4428941307908900e+00, -8.1878518890231664e+00,
          -7.3741343696131532e+00, -6.5728347538555125e+00,
          -7.0860762643716124e-01, -9.3549252947830719e-01,
          -1.1286641057174620e+00, -1.0865673790575887e+00,
          -1.1850865349179132e+00, -1.0736378086327365e+00,
          -9.6318319821066645e-01, -9.7975812151565278e-01,
          -7.3681358228865779e-01, -4.7819304564097120e-01,
          -8.7513359928264167e-01, -1.0106166968130508e+00,
          -2.8913408585878053e+00, -5.1157977935336598e+00,
          -6.7326053185859358e+00, -8.5084870307124429e+00,
          -6.6145297430393679e+00, -4.9739705822314564e+00,
          -2.7483401886999461e+00, -3.9810762992873654e+00,
          -5.2046734434658788e+00, -6.6033905337102707e+00,
          -5.2838869606956447e+00, -3.9878636893931878e+00,
          -5.4369762524446941e+00, -7.5434707290264882e+00,
          -5.3119646983120932e+00, -4.5805908444314767e+00,
          -6.3922673972434652e+00, -4.6663771917071477e+00 ]
   - !!opencv-matrix
      rows: 198
      cols: 1
      dt: d
      data: [ -1.9370760477164605e+01, -1.8333346303865408e+01,
          -1.6985436443103765e+01, -1.5654901855324292e+01,
          -1.3985449403775657e+01, -1.1328101251099747e+01,
          -7.7413122651601523e+00, -3.4637200044937733e+00,
          1.3903105555092001e+00, 6.1400485431014600e+00,
          9.9895688588240308e+00, 1.3084831079702591e+01,
          1.5327998973209754e+01, 1.6644651020119326e+01,
          1.7446772839875479e+01, 1.8131435141517951e+01,
          1.8455474625081404e+01, -1.8415501459054692e+01,
          -1.6332237686621369e+01, -1.3306852593099324e+01,
          -1.0032629482876025e+01, -6.8081153183228897e+00,
          3.8266803624631427e+00, 6.7281979091996220e+00,
          9.8231655106620845e+00, 1.2920060537519808e+01,
          1.5443356475537248e+01, -6.2161688961706596e-01,
          -4.1842737230264232e-01, -2.1557874021698742e-01,
          -1.0611464898047360e-02, -2.9593323085635137e+00,
          -1.3364336300686777e+00, 3.6332764290584074e-01,
          2.0122832425457422e+00, 3.5324128541186677e+00,
          -1.3213516709386194e+01, -1.1458988435783075e+01,
          -9.1599062407036502e+00, -7.2928696157229265e+00,
          -9.2183557967482717e+00, -1.1309061080816269e+01,
          5.7414432056340701e+00, 7.3607492184858199e+00,
          9.6394356580802860e+00, 1.1595619110942966e+01,
          9.8275689161529218e+00, 7.7389384879441190e+00,
          -5.5116191107702415e+00, -3.6850024108114674e+00,
          -1.6397840895040652e+00, 7.0452679308286115e-01,
          2.9853628488084003e+00, 5.1681083503728420e+00,
          7.1491299165927913e+00, 5.5542830875520544e+00,
          3.4510577920584145e+00, 1.0859992754420715e+00,
          -1.3166120083163908e+00, -3.5917170859549366e+00,
          -1.4356520169539009e+00, 8.6134953655761148e-01,
          3.1445126679640505e+00, 3.1159831745178597e+00,
          9.0558743575933132e-01, -1.3319648184528021e+00,
